Results of Photometric1

	Plate:1 - Wavelength:340

	Iteration: 1
	0.0654309327602248	0.119133963189226	0.189954154980806	0.268201864635851	0.422086261755376	0.834952951139054	1.25916826539909	1.541802624811	2.41057888861548	3.06732357661232		
	0.0507471303611771	0.125919506313828	0.194873333932898	0.269470219975636	0.42224720341034	0.8100620271302	1.25352571708632	1.58174125385906	2.42017158754749	2.98357203352385		
	0.0852287006779482	0.156809100212809	0.22778184389742	0.299544819650829	0.460009484036992	0.86066895531182	1.303520519422	1.72096188830055	2.47430407815818	2.9792072281214		
	0.0473713519987104	0.141933951345783	0.240199063303881	0.326653235293914	0.529933647107002	0.983352748246833	1.46695957704827	1.96529804893218	2.72065701325686	3.17302725413751		
	0.0526332880887922	0.13533879609022	0.227781144110385	0.319453476099423	0.493833014717697	1.00721489552994	1.34332154284013	1.73911202533954	2.50221759773428	3.17861510868951		
	0.0742586924989525	0.128741452803263	0.208213374575187	0.298934361814962	0.503816064473068	0.984426307687575	1.35085545854702	1.69604996557707	2.48052082447545	2.9859714566543		
												
												

	Iteration: 2
	0.0647972320164701	0.108554906371736	0.173772486120159	0.243750600585462	0.381235960152325	0.775521757239492	1.18756122908881	1.50843602187405	2.40633562592092	2.9977593024031		
	0.0505535202428634	0.113408980635198	0.175614183930764	0.241125359017813	0.37857386591579	0.768954393825825	1.20353721473671	1.51147807233995	2.3857197725131	2.95726655432787		
	0.085180321315391	0.143467091673179	0.205427429877354	0.269806196617356	0.421056334627989	0.811540879150826	1.27004523729061	1.65212707483926	2.41648190708759	2.8996970956651		
	0.0476666117364644	0.140885447124733	0.238133022411669	0.329145318187391	0.52789398903375	0.997520382555752	1.46106433179538	1.97999757316555	2.72989766999177	3.11318855250504		
	0.0521361114636125	0.135442316514436	0.22952500954018	0.319930802651369	0.498140029803684	1.00897027096409	1.34426302874709	1.75113366990394	2.51274404158379	3.17241079628823		
	0.0748497681407887	0.129980516960374	0.211064439012851	0.303455541318628	0.503235082555525	0.992109996757734	1.34975129191734	1.71105490998419	2.4783971308456	3.0197321917484		
												
												

	Iteration: 3
	0.0656707964996134	0.102954737756572	0.160358360745077	0.223195940909622	0.351822748665436	0.727310299644332	1.13339910522806	1.46064543473876	2.34445523292342	3.06203603005766		
	0.0519120074214245	0.105242295864792	0.159949327196786	0.21961423272494	0.350004352708361	0.726257158937124	1.14311338521002	1.45607587589376	2.33432123521242	2.96445765122057		
	0.0856063456659261	0.135621697193607	0.189577807973272	0.246678960199838	0.387805642160781	0.769833589448987	1.22714480483956	1.59733765118101	2.38996866925912	2.96560405175048		
	0.0500322260851366	0.143077684930011	0.237909479842287	0.332958602933512	0.528243284566856	0.999472660710528	1.47296056154009	1.97900986639026	2.78481904295206	3.34208153423951		
	0.0524210773148495	0.135316737549832	0.229197720344077	0.316279488361536	0.49889186521096	1.00863637220871	1.35418490267427	1.75701118181968	2.56590746404015	3.35128303271351		
	0.0740174776885369	0.130139211725172	0.211095414786102	0.303271489470015	0.504133291592846	0.990510473315363	1.34011029346912	1.71048037593281	2.51274404158379	3.06060507495121		
												
												

	Iteration: 4
	0.0659859996393781	0.0959836627344272	0.149356909991729	0.207521556081765	0.32810462414024	0.712345058173078	1.10282666259189	1.43891188837504	2.33809382734061	3.04793432101351		
	0.0515434211200028	0.098738195024788	0.149505315228154	0.203387013894671	0.327358520211035	0.695133511063501	1.10957021377341	1.41739056380244	2.26640452508979	2.94323200799547		
	0.0857299457102824	0.128242586231757	0.178111119730254	0.229621276688569	0.365228059881329	0.73109345777026	1.17739205953996	1.56335403493888	2.33137987601579	2.99734745364591		
	0.0487236129910102	0.140928415862156	0.238467834936947	0.333776919664612	0.528956719757609	0.998633715582067	1.47954513439692	1.97422182523135	2.74875830674313	3.37419618705655		
	0.0522963233496425	0.135629621077309	0.22950393199041	0.307690217796085	0.499192441264911	1.01010490722217	1.35492513228573	1.77059488479273	2.59571827664856	3.26778348209135		
	0.0742351055083319	0.130114062561408	0.211496278914808	0.303406397672063	0.505636658609736	0.985266250860213	1.34167201560294	1.70761905155624	2.50671672766853	3.05025303704953		
												
												

	Iteration: 5
	0.0641284471610591	0.0927447048049549	0.139873188582261	0.193203497668876	0.308640918512952	0.681532251722417	1.06943731338863	1.39560661104663	2.26199077061988	2.92126463559367		
	0.0507429407671376	0.0935849341189326	0.13919357086084	0.188727580570829	0.305985188891233	0.661880996731723	1.07183007280467	1.39043656040136	2.21981412295186	2.90167416045385		
	0.083174306106592	0.123056390486219	0.168459802643024	0.217008979070035	0.344450655644821	0.703619487603838	1.14762246405816	1.50961279121206	2.27326580366372	2.84047403811557		
	0.0478654128726366	0.140785203267123	0.236263683703012	0.333732260664801	0.528580271613756	0.992366305306838	1.47622176932181	1.9670605168268	2.71610938550614	3.18873013899912		
	0.0525416601445894	0.135595662593604	0.229653604750568	0.308943659433236	0.498496206212597	1.00808325715435	1.35635293045823	1.77395363838891	2.58032070004404	3.19582345080408		
	0.074926046967306	0.129744816999391	0.211631106291474	0.303519686307867	0.504363426236179	0.983651801084346	1.34409834998644	1.71220626330336	2.52769990217092	3.06491216296612		
												
												

	Iteration: 6
	0.066516191625553	0.0898953370077544	0.133311833904005	0.185710195992272	0.293809968305902	0.656758626286657	1.03652287937679	1.36068371320977	2.24433469501151	2.89805638921087		
	0.0515135746571393	0.090247491998825	0.132378284165829	0.180786375762154	0.289294861630268	0.636736095659001	1.03888547681902	1.3802973987597	2.18898605797053	2.85416979943634		
	0.0850483133902454	0.120277035749236	0.162083167732245	0.208840639434542	0.328139009282197	0.682135451042036	1.10793156549314	1.4707509689747	2.25980060164891	2.85535558715431		
	0.0483924449201019	0.142603495162455	0.236642050589294	0.333792104770742	0.527758537978119	0.993993114994436	1.47655668646596	1.96107436054093	2.73729868457607	3.18937021941256		
	0.0526145869382253	0.134772416369499	0.229042589975423	0.323139531508361	0.498561471648184	1.00807059864459	1.35363289479203	1.77346168717874	2.57313178232987	3.12517736724022		
	0.0736654757797344	0.129553893293433	0.21168167735103	0.302980164130654	0.504009016698015	0.982440912464232	1.34642794668575	1.71544208449314	2.50898389271049	3.00776268857445		
												
												

	Iteration: 7
	0.0645429532145729	0.0858788169459728	0.127338737978609	0.177102402176219	0.280738926180267	0.632127481109079	1.00621800126605	1.32085755195979	2.17899020111119	2.88229721511334		
	0.0512748767675682	0.0866982693366998	0.126554815211753	0.171280023906847	0.27557277172769	0.613758385954762	1.00699176263916	1.35132023297752	2.14664025853627	2.81431386886719		
	0.0845418157589052	0.115467040133855	0.155871739249002	0.200082539002003	0.314179156813386	0.660282991346409	1.09327575423893	1.44467347211628	2.21851065539789	2.82359518525658		
	0.0479754861261497	0.140327812214271	0.235763745751067	0.332440033785331	0.526512138936965	0.991512531078944	1.47393388820944	1.95899666367125	2.72327719907432	3.18364317622007		
	0.0518644002067328	0.134461843004232	0.228487803265839	0.313517954119904	0.498455746567577	1.00674350419053	1.35375446339557	1.77064373132094	2.57859075413867	3.16387102289674		
	0.0741437180175302	0.129818529306082	0.211751137870973	0.30362633790873	0.504209989591487	0.982528429328606	1.34684197673005	1.71544208449314	2.51940367125254	3.01370620533172		
												
												

	Iteration: 8
	0.0657502986524757	0.0854641230250097	0.123667699030339	0.170176701771022	0.27054147378811	0.611414351892251	0.982019487318046	1.28864871584624	2.14891024759411	2.86073206618706		
	0.0513834866890289	0.0853834500325964	0.122334493622042	0.165417663335448	0.265484593858504	0.597023118336901	0.98103114141631	1.32368463186798	2.12606232828388	2.79788344213204		
	0.0846011954468024	0.1154259777178	0.152191197961924	0.192610662273397	0.30069215989613	0.64233831859883	1.05532763925322	1.41743388062692	2.19621371096085	2.82139343411797		
	0.0474212409586123	0.141390455095777	0.23664276480074	0.331984346900367	0.525941718401214	0.988630258900832	1.47620936994188	1.95689135388821	2.73347029256051	3.17799067366906		
	0.0518055984985912	0.134689951602327	0.228701638346006	0.312903724909404	0.498340913914413	1.00439000808493	1.35522533153346	1.76294533324356	2.5666703212219	3.23812728911334		
	0.0731970734751431	0.12984980497392	0.21227008285955	0.303620504722266	0.503806815492266	0.982878673252421	1.34877935309637	1.71552813025733	2.51762685421399	3.04287630799078		
												
												

	Iteration: 9
	0.0650328972604855	0.093685644852164	0.119338349506347	0.164789508506922	0.260804442531614	0.589689982622731	0.962014474305661	1.26156698005536	2.10335705537216	2.84450865422394		
	0.051736539992028	0.0836023829703129	0.118265713070801	0.159607065253536	0.255409867417598	0.578283231244685	0.958842178188834	1.3073194279803	2.09292164914163	2.79219955457662		
	0.0852619646162231	0.114686978001587	0.147988016146279	0.186499802889934	0.289846699182868	0.622924035956653	1.03750159444985	1.39514340747391	2.17105766127461	2.84191067350403		
	0.0489646212098979	0.141575178993395	0.235964079734599	0.332526418988292	0.526403562183902	0.989959718410992	1.47840959284597	1.96525981373544	2.72834384192315	3.17488189531297		
	0.0525940166026691	0.134525633588423	0.228287384667146	0.312541217860408	0.498429645571	1.00310329532606	1.35486886802094	1.75969414562982	2.57874773750633	3.26778348209135		
	0.0733319019363047	0.129705732215724	0.212247800700001	0.303989816596811	0.503339337989049	0.983340790415535	1.35193449782513	1.71978711916151	2.52811890315075	3.0682919036175		
												
												

	Iteration: 10
	0.066193368018618	0.097864596861631	0.116080737291906	0.15827529205825	0.250091792878583	0.572224463220438	0.942070598025278	1.24530993481896	2.06626090467716	2.8413354489406		
	0.0517104126096511	0.0815836351895508	0.114825613297951	0.153552190863837	0.244298347814615	0.563210092099625	0.943370131968747	1.29179988963295	2.07385297824604	2.76823239881973		
	0.0861751973583686	0.111743490200053	0.14454091953013	0.180345732082278	0.279494820319637	0.605875520796342	1.01253229153159	1.37128453009303	2.13995778687534	2.85565254065778		
	0.0483248528259206	0.140803531843933	0.236457823267895	0.331676672758798	0.525326226899951	0.989478380147921	1.48273046814173	1.96533628749544	2.71978711916151	3.21441993929574		
	0.0531591199371627	0.134751516282766	0.229215272517574	0.312134821042986	0.499030365722334	1.00126341448315	1.35427853290961	1.760791090325	2.5712758201809	3.17674449065646		
	0.0727066510566629	0.130078856178611	0.212608507057134	0.304012335603931	0.503657537764443	0.983540130601488	1.34828034455109	1.71868052524377	2.52658453852248	3.025842968692		
												
												

	Iteration: 11
	0.065290351351924	0.0964954142128218	0.113297139699478	0.153303937837035	0.242539874314714	0.552920787489201	0.91561119483034	1.21913445962092	2.03801212257796	2.81001388837447		
	0.0517808668253313	0.0805453608337391	0.11224252066636	0.148437228176924	0.236485666570661	0.542342295004445	0.928683352055315	1.26186207619269	2.04599612119259	2.76412270703795		
	0.0849218854049174	0.110972755422477	0.141119248415046	0.17534865638557	0.26987789500542	0.586786891995673	0.989555196695919	1.33927725332181	2.08832913738013	2.73662062904114		
	0.0487926574452661	0.141572310009259	0.235264382640869	0.330895129695494	0.525019501651473	0.986987200380894	1.4834989416158	1.95263682377836	2.68414017943109	3.18175082254237		
	0.0522911844417096	0.135101301494356	0.22894364434341	0.308324910154063	0.499232969603165	1.00085653065359	1.35223263623777	1.76201051571816	2.53801214375286	3.1554959386385		
	0.0734628481763711	0.130010686852662	0.21146594852266	0.304373633361708	0.502847313711361	0.979155905442545	1.34886257695962	1.71406766576002	2.50472606956795	3.00524015787041		
												
												

	Iteration: 12
	0.0659758748818813	0.095208397510698	0.111164775928014	0.149188116867591	0.235273638074282	0.537874929518734	0.893239151075325	1.19458993548852	2.00360833507342	2.72109261457914		
	0.0516115160412489	0.0789876207562691	0.10922121700809	0.143930687284088	0.22799463144779	0.527670587235798	0.913339052728988	1.23767602937506	2.02042623022116	2.70003823308439		
	0.0848977121331784	0.109475877067142	0.139446447160078	0.172343655239382	0.26326007307171	0.57158305250186	0.966370003416227	1.31694748986712	2.06351965362172	2.66476541739469		
	0.0485031149628591	0.141477644163683	0.236357887653181	0.330770922871037	0.524743495370261	0.986878687547135	1.47927033561293	1.95490818518635	2.66209400178939	3.0582305776096		
	0.0529747256170563	0.135268099599196	0.230613297317322	0.307660778464823	0.499204207167044	0.999203856537653	1.35158072408454	1.75514527743644	2.56362689964381	3.13807537532474		
	0.0751623502901727	0.12999783645712	0.211300853537788	0.304269301759331	0.502599534044175	0.979096694502415	1.34751446611912	1.71220626330336	2.52588888807436	3.00987604788785		
												
												

	Iteration: 13
	0.0660993165999442	0.0935345875088328	0.108783103770878	0.144936267104051	0.227117553981325	0.521749240139368	0.868938996330281	1.16155773605009	1.97025883144554	2.75743744831741		
	0.0526720955455353	0.0775993295054039	0.106911600736638	0.140082427896237	0.22016741859019	0.509726625483111	0.888830522942362	1.22105260615401	1.99738862095074	2.75601818404155		
	0.0859974458150923	0.106655262622426	0.136122317712975	0.167883318010142	0.255511301496506	0.553683381966855	0.931776587965857	1.29288789985977	2.04645681337741	2.73459279120015		
	0.0502316483405035	0.140769739132088	0.235254415471624	0.330873834574017	0.524948749654993	0.986653710289263	1.48039561343756	1.96289578174559	2.73481763950023	3.331291054156		
	0.0527024893487311	0.135304860338289	0.228940136046891	0.307500999763966	0.499965746437901	0.999278277960653	1.35085545854702	1.75425060129263	2.57780668733985	3.30209822441235		
	0.0734505856169866	0.129848687946998	0.211261779012753	0.303390572935673	0.503210012196911	0.979697072592511	1.34870538971528	1.71720943916624	2.53558869870105	3.09735589464935		
												
												

	Iteration: 14
	0.066014928818635	0.0928385532574884	0.106670087977532	0.141032704343929	0.220791542942651	0.508303834638815	0.850297117917157	1.13364693877395	1.93317345624334	2.71935282464341		
	0.051801398681215	0.0768986867877009	0.1048856845883	0.137350827799836	0.213984506004093	0.49689635792301	0.867602596351763	1.2024730342533	1.97461230761866	2.73933922622461		
	0.0849480746344268	0.106219200039608	0.134279555198892	0.164349070236928	0.250356339918389	0.540094249548543	0.93076189316169	1.27455762972768	2.02910802436946	2.72000442938966		
	0.0483933709122447	0.140764011814402	0.235724545284787	0.330728345850249	0.524625656682276	0.986400750103491	1.48201361326331	1.9660251579848	2.73504260427185	3.31388213094287		
	0.0524771581873239	0.135499461306979	0.23593769595503	0.307561540565184	0.500408628679969	1.00002733644287	1.35094837365015	1.75502745153651	2.572821903985	3.35501892226167		
	0.0742955497365593	0.130456775325892	0.211261105344875	0.303920598811799	0.503158556520789	0.980369532782093	1.34785571497302	1.71654044706202	2.53930063994677	3.1078466096083		
												
												

	Iteration: 15
	0.0657512624042136	0.0910992457089063	0.103781836474297	0.137372989900024	0.21432426933095	0.494021581221256	0.828774572017544	1.10693968001278	1.9159762528443	2.65661208353113		
	0.0523159451938253	0.0759692114233456	0.102691804579917	0.134614278539719	0.208619621017848	0.482885313217117	0.846790340561848	1.17869010126147	1.9388566633569	2.66841739516826		
	0.0859504951966908	0.105371613405077	0.13243334164033	0.162443642286066	0.243537935457347	0.526707088400184	0.905042651702795	1.2504698719014	2.00023863063192	2.63037155081049		
	0.049010984281484	0.139976080565114	0.234818931198913	0.330566059240478	0.524128313913086	0.985458466176405	1.48182516374046	1.95535641209316	2.72503281331714	3.16326741684836		
	0.0528699271954447	0.135299770204204	0.22909944127964	0.307507726102911	0.499612288965146	0.99942715907652	1.34933448033247	1.75027051618977	2.55566348415789	3.16266464856019		
	0.0756417516562172	0.129913480258057	0.211497626981401	0.304136628167867	0.502628522234689	0.979590365845548	1.34599593630801	1.71301830852899	2.51762685421399	3.02496471868207		
												
												

	Iteration: 16
	0.0664037310558642	0.0920315042227851	0.102122923527314	0.13470237679818	0.209480216911805	0.481973403836269	0.811264551509032	1.08881669789376	1.892717969795	2.64713619164726		
	0.0519689562388601	0.0762159556387798	0.101557403113889	0.132029561714021	0.203916587289725	0.470337307362672	0.830046921407968	1.15592867116973	1.91642019455897	2.66228427319743		
	0.0856593128062361	0.106116598464923	0.131043312701537	0.159751835466194	0.239058508279557	0.514746134181172	0.878072796375151	1.23191550524005	1.96856040627815	2.63499363968131		
	0.048487369386688	0.141819111943327	0.235784416512611	0.330173452397168	0.523959430072013	0.985586656999577	1.48153636653188	1.95737917769763	2.69364991911362	3.1951737955118		
	0.0515602106568	0.135591700943462	0.229333943820177	0.306992621985782	0.499895031926245	0.999973493577342	1.35047471431988	1.75183478583176	2.54857521557934	3.33040383325111		
	0.0751677670819541	0.130663763907048	0.211196438093448	0.303327279755665	0.502889503056521	0.979740553229306	1.34637277249047	1.71348913489955	2.52063804768343	3.06491216296612		
												
												

	Iteration: 17
	0.0656818777449747	0.0913240728452983	0.101107084629587	0.132716042459846	0.203626565868102	0.468988914615114	0.790828508560189	1.0657064502107	1.88185524933073	2.62966480617624		
	0.0520268462967859	0.0756885869417644	0.100272015661888	0.128563220380803	0.198244159834775	0.45788248072183	0.811143881005027	1.12953659149157	1.8935923559083	2.6489779861036		
	0.0854842936148192	0.106000804156602	0.130071591724675	0.156885175132889	0.23310685018594	0.502089921551336	0.857259607661372	1.2102934505072	1.94567381615567	2.64038867156802		
	0.0491630899070671	0.142006890133229	0.235371188097556	0.330608620353332	0.523738042563739	0.986071720877744	1.48168701937595	1.96278171884752	2.72834384192315	3.35689898788998		
	0.0527717016370798	0.134745867783326	0.228700235805764	0.307829871522587	0.499627992079183	1.00072375314464	1.35004793483312	1.75561690096316	2.55596135418459	3.32511823678943		
	0.0737631436647508	0.129413266356676	0.210832191108993	0.303165757398426	0.502419060204125	0.978650898039115	1.34728404427037	1.71205684149494	2.52367026520641	3.09425746665397		
												
												

	Iteration: 18
	0.0662367832363009	0.0875076181656529	0.0997000406942737	0.130052592958079	0.199724867291894	0.458551036165161	0.777110433035892	1.04642915806085	1.85606861697419	2.61765108393522		
	0.0516740235176783	0.0748719122264063	0.0988645499114572	0.127124447294687	0.194282103308499	0.447057646805213	0.794745520610263	1.11254403918086	1.87422378020423	2.62231260792222		
	0.0857102682469411	0.104460349773279	0.129082526162414	0.154976636330245	0.228515140242169	0.492602885941841	0.838519242414115	1.19513484708059	1.92742346358338	2.62248622154912		
	0.0487129561001381	0.1413629253421	0.235336295426223	0.329814833185373	0.523850105885066	0.986717977614351	1.480408132917	1.9618323579092	2.72152865325221	3.32076218741238		
	0.0522519438770519	0.13518101734219	0.229070663763432	0.307237913492798	0.499633226576706	1.00093953721568	1.35140394522384	1.75998003810725	2.55611036584565	3.18301147504411		
	0.074686428883057	0.129720807358428	0.210964119608519	0.303672172814482	0.502552102996557	0.978615411792838	1.35121793991792	1.71552813025733	2.51287893659401	3.06443148280426		
												
												

	Iteration: 19
	0.0651137262204765	0.0738519963468959	0.0982149676911337	0.128198072427251	0.194628835079387	0.446731970984206	0.760244656311132	1.02723423380875	1.83302279422454	2.57515139901357		
	0.0523430434838043	0.0748069594432797	0.0982102942202813	0.1251038859683	0.190430987384977	0.435562404024109	0.779928380894764	1.09103794941158	1.84866878992366	2.59197924060768		
	0.0845795561457318	0.104684296978323	0.127209373699333	0.153032260497598	0.22301871317454	0.480167821945801	0.82471962475031	1.17527857923108	1.9012450319832	2.60830740395658		
	0.049393204529627	0.14134629362821	0.234540933577281	0.329936996103329	0.522449319611158	0.984798082127659	1.47356401353961	1.95487085381727	2.69983068494094	3.25122258720349		
	0.0522524110057785	0.134662278580027	0.228962589634353	0.306980025135123	0.498618913345832	1.00037955055704	1.35058611710758	1.75907535680695	2.5436234475201	3.25792134955219		
	0.0750151379120982	0.129569521319849	0.210670027818727	0.303558011212101	0.501747881757162	0.977870869641679	1.35030766370079	1.71372473963499	2.51599314263767	3.08108066066101		
												
												

	Iteration: 20
	0.0658028262403707	0.072899618370326	0.097157967810526	0.126389113288963	0.191296783848308	0.436953468500149	0.748094599065046	1.01400552709549	1.81353133176553	2.55328785029907		
	0.0519535513137399	0.0744390770516949	0.0974523000666141	0.125128194185852	0.186803439678546	0.426151007734855	0.766189614202648	1.07076607958795	1.82979215314772	2.57112151409226		
	0.0846610865758148	0.103162152648582	0.126421805317464	0.151259046760259	0.21956684956395	0.470062159184143	0.812026890974952	1.15992658114892	1.88445032719109	2.56712867955669		
	0.0482498656891491	0.14067295760953	0.235026656807169	0.329786510459557	0.522365195306056	0.984998092485029	1.47292364272493	1.95431126801391	2.70821096390903	3.18554381155951		
	0.0522645565290298	0.134530714657294	0.228874185346527	0.306640048205959	0.499012070670181	1.00029665094583	1.35172964632583	1.75793528860337	2.54232208136002	3.17426280114982		
	0.0752431167373068	0.129493060974413	0.211174210949486	0.304543121305344	0.502178106245666	0.977658377547279	1.35447522213345	1.71385330520191	2.51045721387705	3.00649959176		
												
												

	Iteration: 21
	0.0654718639832863	0.0723630485300912	0.0965735222659458	0.125354768007967	0.187811353886591	0.427308306824062	0.732292547127211	1.00355822224419	1.79315029280978	2.52380859757958		
	0.052729144126768	0.0742012014534695	0.0964747256911203	0.123215324955511	0.183578700602928	0.416083347394118	0.752546406460661	1.05274785021104	1.81539554933148	2.55343594731053		
	0.0856724294769844	0.103695584914832	0.125908436804636	0.151293078837187	0.217251384825651	0.461414121050126	0.817232454537127	1.14338411185264	1.863536212897	2.54318922537237		
	0.0505293250457682	0.141045885440106	0.234853782326556	0.330496019822517	0.523382674932051	0.986167996314489	1.47323139545674	1.95704139516864	2.715248543833	3.2310192011152		
	0.0527899418467729	0.135395361570188	0.229419632019377	0.306950633904415	0.49933496086501	1.00137973705717	1.35052112867531	1.75881382671387	2.565145944501	3.25792134955219		
	0.0752224312163762	0.130220257827653	0.211846917195313	0.303950619628852	0.502245243913146	0.977855125920598	1.3592984632127	1.71533455125618	2.52491684566271	3.06251406475854		
												
												

	Iteration: 22
	0.0660486819634969	0.0720250953741684	0.0958318041106889	0.124078104893484	0.185368605272719	0.418975520550067	0.72231462779554	0.98982213874783	1.77282298258206	2.51018896526945		
	0.0524262177600144	0.0741712305076258	0.0960286106738774	0.122313085784779	0.180841644695123	0.408646246077148	0.740388162034074	1.03660848527346	1.79692229714959	2.53332009683656		
	0.0857047183543714	0.102728007482749	0.12556874009007	0.150399741062628	0.214145199239213	0.453297051948445	0.807616388039659	1.1294473028271	1.84904896760288	2.53944404245159		
	0.0487430740752215	0.140854512265976	0.235485855188409	0.33096700844045	0.523145003666447	0.986481038962764	1.47547843241479	1.95764207919511	2.74759864121589	3.27552512169757		
	0.0526968780249637	0.135131263891089	0.228456963614613	0.306887659392862	0.499136230798445	1.00081088380599	1.35167379450084	1.75869500144242	2.54974858875351	3.27944831442784		
	0.0736375046025822	0.130545712385195	0.211106862913618	0.303738016871715	0.502387452067363	0.977689851297895	1.3614160737987	1.71671299155452	2.52686311100278	3.06251406475854		
												
												

	Iteration: 23
	0.0647779996819138	0.0716815429393009	0.0947012500030198	0.121879666882738	0.181730681816033	0.40936851785023	0.704505801042582	0.972072657683958	1.74757547946116	2.47208765693859		
	0.0516133818058039	0.0737091536766729	0.0944674607189665	0.120442607730489	0.177820982544654	0.397724069845544	0.726444638623846	1.01662267143409	1.77627330304899	2.50485849661026		
	0.0843757970081324	0.101756822090175	0.123449708171213	0.146788899646436	0.21009520619377	0.44283934765824	0.799198717509447	1.11068568536503	1.81688727267192	2.50182284435285		
	0.0487189795280645	0.140163635327535	0.234530272250381	0.329270828905512	0.522344511497451	0.984166654158833	1.4725300371859	1.95423671102113	2.69672930673911	3.21782618798765		
	0.051801398681215	0.134175747426577	0.228618896220699	0.306577957711219	0.498467492527832	1.00016404447335	1.35029838499462	1.7534516608885	2.53944404245159	3.23956297465849		
	0.0736620406258553	0.129030679124582	0.210534825892038	0.30355384529781	0.501474443744745	0.976256178384517	1.36218781431953	1.71363905039643	2.51314885237765	3.07710539737352		
												
												

	Iteration: 24
	0.0655383252445194	0.0711903882202046	0.0937200768372432	0.120148665285753	0.179317421146931	0.401680961835848	0.694200551668314	0.95731535420229	1.72821091497769	2.49001605363451		
	0.0512916559256273	0.0735035623566667	0.0938789104333174	0.118479484441908	0.174744380175151	0.39185143408646	0.715607737770158	1.00359998253364	1.75836246353804	2.5085829437835		
	0.0837444993948876	0.101796612160551	0.122611793010673	0.144900994878424	0.207555619887082	0.43447189840126	0.777723203937198	1.09673961322603	1.80679006863812	2.51680923022244		
	0.0477743229168491	0.140492623558305	0.235098530236133	0.328794610845681	0.521546868437882	0.984658129664516	1.47340383229243	1.95483352565688	2.71203549971839	3.35689898788998		
	0.0518298649053633	0.134215236589689	0.22829088769458	0.306060602513725	0.498175243028421	1.00011847034822	1.35044686808744	1.75370998080857	2.56529814162255	3.21441993929574		
	0.0741073649001214	0.129061898104873	0.210406389418901	0.302723127797459	0.501508614082753	0.975472606711597	1.36256942717472	1.71376759059525	2.52714186228444	3.03159529758109		
												
												

	Iteration: 25
	0.0655503664163105	0.0712972622873557	0.0935926407477927	0.119948810654092	0.177471827100458	0.394520406261521	0.682346669233231	0.941501914985862	1.71031028948352	2.46393565115706		
	0.0523215515978569	0.0733005199388497	0.0937637631352043	0.117895533779015	0.172778099810342	0.384143110715862	0.705057779219075	0.988271316155754	1.74558817550161	2.47405724980149		
	0.0854409280048047	0.102675540490086	0.124397884214705	0.1457326780927	0.206375631527558	0.428941063620468	0.780605118631687	1.08517326644194	1.79181471229897	2.49607397665325		
	0.0498184950515939	0.140527539544609	0.235187498973032	0.32953345808946	0.522362437407992	0.985166172399402	1.47383522415906	1.95839410445991	2.74367878121385	3.3881426210949		
	0.0525930816105661	0.134874106818223	0.228186509600125	0.30620727761093	0.498929752471511	1.00115127578599	1.35253097945977	1.7565616872865	2.6032943300351	3.37419618705655		
	0.074468574841341	0.130093385451032	0.210459507751951	0.302973507549657	0.501796540214147	0.976362068954198	1.36486617298983	1.71411055057114	2.54813601667263	3.12794887940232		
												
												

	Iteration: 26
	0.0659406811325827	0.0713402145264433	0.0924709678170295	0.118798433235005	0.175389591636546	0.387865328081051	0.672334002155962	0.930169023667597	1.69753353691572	2.42942396296783		
	0.0518121316285707	0.0732760043310762	0.0928000883243324	0.117228811611706	0.170833571069645	0.377073215633373	0.695145827223369	0.975468692403127	1.72976426667882	2.45723750379302		
	0.0851732664419448	0.102511884200054	0.122806282750025	0.145275836498375	0.204452775886644	0.421982283560169	0.763992799034171	1.0720549185741	1.77922778312119	2.47381056164837		
	0.048980847721955	0.141333676890805	0.234998195370706	0.329687395462432	0.52232382867389	0.984882075258673	1.47450164189724	1.95824359519419	2.74207494854261	3.30044060987367		
	0.0523570605041822	0.134856026775885	0.228419818760356	0.307024535642805	0.498643720064172	1.00087313069685	1.35361419494996	1.75921807599388	2.58189938037889	3.34390630365476		
	0.074021897936119	0.129871029031324	0.210422525946956	0.302784669572172	0.501666358183925	0.976373836166941	1.36580751454844	1.71570027294676	2.53758349313549	3.09995491187284		
												
												

	Iteration: 27
	0.0651493342259354	0.0706807802076697	0.0921774305740016	0.117943894650524	0.172993326206406	0.380051896217872	0.660254576557049	0.915147638301309	1.6738167700215	2.40286587791561		
	0.051796265626243	0.0726430004458436	0.0922593756350539	0.115603762737078	0.168371907931587	0.369449879903683	0.684220241092655	0.960166506576884	1.7110123258314	2.43378764383625		
	0.083730436332701	0.100141599560725	0.121184905147371	0.143444616406215	0.201011234550593	0.413873614569572	0.754864904272397	1.05629313097569	1.75905157483493	2.46878409092861		
	0.0493147848440385	0.139744036489412	0.234002508477923	0.328904121266563	0.52169416367018	0.983165446706017	1.46962594814749	1.94945462282854	2.71761997653137	3.28901114809289		
	0.0519960328860474	0.134119340564346	0.228146586358104	0.306065630554199	0.498380057998759	1.00050392965171	1.35010357794426	1.75439174347193	2.5759306823411	3.30795021165241		
	0.0751953445240107	0.129360264050292	0.210070348038343	0.303080857362021	0.501153899203081	0.974924946510519	1.35634352169318	1.71338208407648	2.51967767408932	3.11318855250504		
												
												

	Iteration: 28
	0.0658235498804791	0.0703373151574557	0.0918564572994541	0.116270158187943	0.171025114972183	0.373916877508026	0.650568200570043	0.905155829843384	1.65981722340634	2.3901720382546		
	0.0515895939081161	0.0726297818734663	0.0919849205203972	0.11471232823188	0.166522315781326	0.362188767933688	0.675689153998397	0.947795091204696	1.69471496931062	2.42378297736403		
	0.0845795561457318	0.101019272025304	0.120818794505588	0.141939694113109	0.198616971768906	0.406567931078586	0.750603910080966	1.04395194633735	1.74095577941431	2.45251558196423		
	0.0485142298309289	0.140332389462717	0.234680976632667	0.328517425633503	0.521156158698686	0.982914509580077	1.47103268013408	1.9526739635981	2.69467395750816	3.33575455163521		
	0.05198856329752	0.133847562200016	0.227963126715702	0.306134352942125	0.497386889928768	0.999332034698511	1.35187861965098	1.75623077822801	2.57359701481346	3.32511823678943		
	0.074021897936119	0.129008381226839	0.210278663062428	0.302234429889338	0.500989777412407	0.974702168251171	1.36236903861593	1.71338208407648	2.5270024642791	3.11211489440097		
												
												

	Iteration: 29
	0.0654853480544336	0.070369457810464	0.0919373181624507	0.115688087459603	0.169779137818675	0.368002603001051	0.64004679925808	0.893527526160169	1.65142117664235	2.36011389749466		
	0.0519983671588093	0.0724202967427412	0.0917924957630664	0.113820028356409	0.164699932678519	0.356296480925184	0.66662793321526	0.934564144445045	1.68130751051086	2.39518456112522		
	0.0848387954196462	0.100846312222663	0.121494342303019	0.140719913997905	0.197587612104346	0.401404284944142	0.734318633824622	1.03173340291119	1.73172496744434	2.42126278028713		
	0.0499114086638484	0.140014957214644	0.234435042673878	0.327987382458083	0.521600549699471	0.983580009620634	1.47349007639188	1.95163524733518	2.75366300212045	3.30209822441235		
	0.0523902359215176	0.134230469083663	0.228159193301211	0.306363226610127	0.497940542109274	1.00057442695384	1.35283886071528	1.75696384469152	2.58891456859361	3.43513918377112		
	0.0743152082090126	0.129401549500455	0.210571144662963	0.302455439400819	0.500858524621336	0.974717798085422	1.3621592068685	1.71501211120728	2.53317870192015	3.11968684554195		
												
												

	Iteration: 30
	0.0655315823341398	0.0704430052531211	0.0911487998730252	0.115299573073962	0.167666952575295	0.362410063031637	0.631274321462131	0.882793383770177	1.63301434256435	2.36039871189894		
	0.0512287374252687	0.0724755949162738	0.0914211932830273	0.113472979510089	0.163029826258368	0.350149952650059	0.657712361381812	0.921945806045247	1.66816654192934	2.39139425617732		
	0.0833182895615913	0.100826460217438	0.120962684595536	0.141436341896926	0.195059556683342	0.394831795154784	0.71839673705442	1.02092141016476	1.71904907667946	2.42049865758823		
	0.0477914297255314	0.140231129113061	0.235441694090508	0.328727505201784	0.521410630412539	0.983452409647069	1.47414362377002	1.95798032942528	2.74253258239096	3.30627015353439		
	0.0522351275775169	0.13372582457043	0.227965927043788	0.306142734465137	0.497181241428539	1.00059516363249	1.35402577758617	1.7595274618888	2.60864367534922	3.39735062288172		
	0.0738426684157572	0.129045173372058	0.209690262696896	0.302129780415951	0.50078766460437	0.974885854338756	1.36280810560207	1.71520554650789	2.5512197774297	3.11696739719539		
												
												

	Iteration: 31
	0.0651204626462397	0.0698914595429146	0.0901093479733543	0.11400361902248	0.166276257094532	0.356686132136885	0.6199842240726	0.868706283340959	1.61141096635924	2.30896137504727		
	0.0521351774568124	0.0719766981460067	0.0908229699607609	0.112504862132861	0.161430381543913	0.344157810113703	0.646829371664073	0.908715983120297	1.6475039262009	2.36087381804183		
	0.0842872796174308	0.0993156714748552	0.119246227499506	0.138491085324935	0.192498385953508	0.38840084491701	0.708863000631915	1.00683605854569	1.69516635493268	2.38905468544531		
	0.0496155479503475	0.139173598195418	0.233525728764909	0.327619995166962	0.520353830275272	0.981356372463274	1.46932073886265	1.94501645808581	2.69181271292509	3.18427579757287		
	0.0515979894879328	0.133535959450718	0.226917068188651	0.305416656694906	0.496260921860704	0.999791305702087	1.35053041214167	1.75370998080857	2.54784346396241	3.19974192383992		
	0.0731681520944344	0.129118767014582	0.209446672680272	0.301855817910134	0.499948721521647	0.973823894560109	1.36171126931385	1.71479728409472	2.51544993495972	3.07316619139257		
												
												

	Plate:1 - Wavelength:420

	Iteration: 1
	0.0579323098015396	0.066665862438215	0.0864540906784037	0.105441302493981	0.133130028056233	0.178766982089217	0.192863713033727	0.205329733083104	0.235762320217571	0.259458724634364		
	0.044747341736423	0.0648010785855858	0.0836400418047016	0.101702901891413	0.123929873338314	0.147838964131346	0.175679970515379	0.186298132274363	0.212459865152063	0.236306501147234		
	0.0781850548733198	0.0957636399563976	0.113050976046485	0.12777764210192	0.150395056470505	0.178380215784028	0.213138626826907	0.209984363230986	0.230176810508664	0.242539150339146		
	0.0431740160147257	0.0407293515178022	0.0449530788384935	0.0400320984464608	0.0418959098947041	0.0425742355390224	0.0468677022154662	0.0407916769758656	0.0434023513488627	0.0420528439564183		
	0.0462531271644321	0.0486272471397489	0.0559759303880028	0.056935783063799	0.046699333740679	0.0401538325203438	0.0467477618199519	0.0435387692051434	0.0494637479416592	0.0494187287834115		
	0.0664713004382048	0.0426934856425055	0.0442329663968081	0.0475917381585292	0.0428676221879958	0.0387373807341951	0.0435543363823022	0.047583881802987	0.0448400950609928	0.0458322326586289		
												
												

	Iteration: 2
	0.0573467859947754	0.0742223297566019	0.101664690658189	0.127154419423548	0.165997559009805	0.222887223707293	0.246217271152887	0.261122444587503	0.303380578662407	0.34276583650133		
	0.0447078587086497	0.0744838161510196	0.10161601546326	0.126827612913835	0.158207319979025	0.195262740858565	0.229272146432768	0.249299852600182	0.280035126474621	0.320711045963697		
	0.077117763565578	0.106099148031783	0.132320986859544	0.151479715908971	0.18611244910649	0.222619523486267	0.264706010021247	0.267686045320684	0.300873465539562	0.31518954003341		
	0.0425166782407951	0.0409800725129221	0.0452604883425734	0.0397950874541481	0.0425906818825503	0.042610326942478	0.0456164176910019	0.0421682996859321	0.043923533550889	0.0430326821532997		
	0.0461324351685954	0.0479995394586288	0.0547644073988492	0.0565034688847839	0.0466232433821868	0.0404260406865935	0.0460969709964692	0.043505347445134	0.0488733004358017	0.0500749849168588		
	0.0671166347902464	0.0428863654531281	0.0435277809454516	0.0476804786305325	0.0426148956884282	0.0393368698920905	0.0435863882100598	0.046633849117403	0.0446922501295553	0.046007172083364		
												
												

	Iteration: 3
	0.0581552811682413	0.0823389405700659	0.115329280259873	0.14936508848749	0.196040001883756	0.265154230634179	0.297469468121172	0.317721526220125	0.371810699685175	0.415013690537547		
	0.0444063451401118	0.0823299291893563	0.116082360548597	0.147515999582755	0.187118121835406	0.237051486350461	0.27867893153084	0.304086573192862	0.344538547823929	0.392706872876012		
	0.076630307671781	0.113930927219784	0.14570660956189	0.172247581517868	0.214681952176339	0.265553292136329	0.316987018289685	0.320722313901219	0.364483496206937	0.383856329868558		
	0.0429755213251231	0.0399794181578876	0.0446596575525359	0.0398790708062209	0.0417148674979978	0.0427702616550633	0.0451028506079263	0.0414514192145761	0.0430820751677521	0.0423125483842007		
	0.0472087907111918	0.0488176829778071	0.0559537868447653	0.0483901299483829	0.0470070591934233	0.0404846854814018	0.0472457311156161	0.0454066875788427	0.0505949343813873	0.0509524699951898		
	0.0663829797128637	0.0428525367328689	0.0440812021489594	0.0477405736217591	0.0426295159984596	0.0392312308709473	0.0435012271322646	0.0472808274104218	0.0452453195419935	0.0472780565471862		
												
												

	Iteration: 4
	0.0578154257605878	0.0865081722504096	0.124194962447393	0.161317475764088	0.216771484399531	0.292311889232787	0.331498925795446	0.35255336346565	0.412567287357989	0.474390501235615		
	0.0447262224611087	0.0869901493869606	0.125762345719783	0.1601007983667	0.207688561077464	0.26464506335971	0.314995316129293	0.342702919521624	0.392905387385189	0.442201408107166		
	0.0774790117168855	0.119355794927108	0.15648236735525	0.185609214629652	0.236293655470714	0.292272108527669	0.354126862064084	0.358438229306121	0.412079228189574	0.435091808775323		
	0.0429906110528659	0.0400711586478089	0.0446289034200369	0.0395813436589785	0.0421258558698303	0.0423856039748499	0.0462130463315855	0.0419853188628914	0.0436756879196813	0.0432151898677807		
	0.0473889048681717	0.0487097127504727	0.0553836262267814	0.0473330153033392	0.0466827310708565	0.0407707491822995	0.0477109873561076	0.0447303544124249	0.0501103106055957	0.0506261139229052		
	0.0663173540847894	0.0429357418286024	0.0442669028188537	0.0473182357944904	0.042196141431062	0.0395296253003216	0.0444935193320721	0.0466130990082394	0.0455694955817679	0.0472129463498338		
												
												

	Iteration: 5
	0.0585863996219472	0.0931777049397296	0.135189498612696	0.175904092070055	0.237462739597051	0.32370121363931	0.371987206680931	0.397985984585276	0.469895931884716	0.536743137841114		
	0.0448019811488653	0.0924878791469168	0.135931402227856	0.174774109488611	0.228218030541683	0.296394519822231	0.352880861438887	0.378441188586169	0.441718986591411	0.50018713110396		
	0.0769313187609463	0.124544620420403	0.167929652509554	0.199991944732908	0.258595441417981	0.324094124981956	0.38409797529934	0.406317680238724	0.461204453254285	0.492638940762743		
	0.0429288836629667	0.0409095283805909	0.0455395968820939	0.0401756392415486	0.0419524726131926	0.0426665258580708	0.0465840505208908	0.0424084363673976	0.0443402879332447	0.044230214911241		
	0.0474637434822352	0.0491797876717955	0.0568729858430919	0.0526028991280442	0.0482688426913908	0.0421203795505331	0.048437357813416	0.0455451164871112	0.0507154766515454	0.0515891274917739		
	0.0667489278532606	0.0429741495576899	0.0448805086454726	0.0486128867522576	0.0429512874050088	0.040316046228027	0.0449627251569376	0.0476837143028585	0.0464941508484591	0.0474789899663144		
												
												

	Iteration: 6
	0.0593687162349608	0.0969052500160037	0.14079379469119	0.18719969612043	0.252708967364524	0.347272065677469	0.401511802569851	0.428465365582759	0.505551748661729	0.576202201250789		
	0.0452848514644328	0.0960105276102056	0.142133844322782	0.185172534236745	0.243672199955344	0.319057831251542	0.382129625923535	0.408860677893862	0.478917099953619	0.541876176724278		
	0.0772374865095825	0.12838394780821	0.174575952495481	0.211199132370019	0.274633234909836	0.346307492079681	0.434781742981072	0.436743958462116	0.49600778618474	0.529340500834371		
	0.0427963137433537	0.0405224223660381	0.0454246210624168	0.040658848095994	0.0428027127409487	0.04331173498515	0.0457503115781293	0.0427400980314245	0.043813107952798	0.0434215754326997		
	0.0470882944847054	0.0495370881100008	0.057033538159039	0.0625480252363227	0.0485776826499139	0.0411107231978928	0.0468123409937784	0.0458455808155209	0.0509738942345484	0.0516656264678926		
	0.0668184832120489	0.0436422556216388	0.0446757240101685	0.048206360569784	0.0428141397568817	0.0401538325203438	0.0444494712375335	0.0480055529999091	0.0461508592581745	0.0480323836601533		
												
												

	Iteration: 7
	0.0591180696986343	0.0992349867309893	0.14627409851645	0.196274883505765	0.267554118552027	0.372185252948497	0.432984346414541	0.465451030085894	0.55082353742476	0.620226002496049		
	0.0451460459283254	0.0994713573091807	0.148270540185785	0.194807169465478	0.258560134480888	0.343372677990237	0.412721525325694	0.443528824508356	0.519832562155436	0.588588407680816		
	0.0779257912993474	0.132376037070226	0.18033569413076	0.220940997925881	0.291035853485028	0.371885779529292	0.450755675193511	0.472330910308918	0.538667367441684	0.576605110970663		
	0.042640481553989	0.0401897233309484	0.0446683792700718	0.0396639243322571	0.0419830377930602	0.0437617993871307	0.0466831922475591	0.0427355279681719	0.0445311472842654	0.043511756898409		
	0.0469138419583331	0.0492734925944996	0.0562506984559404	0.0520926822722253	0.0481406483336029	0.0410824956796414	0.0474087681813525	0.0452310705452611	0.0510325834334688	0.0522304564987571		
	0.0654728271173415	0.0431250699569548	0.0448074913871556	0.0476005189593819	0.0425911387343165	0.0398799788230933	0.0444967313470619	0.0477918920810641	0.0463254663053138	0.0481762797910752		
												
												

	Iteration: 8
	0.0585247850632456	0.105455030451053	0.152066560345019	0.202999510722615	0.279902551205648	0.391546255243536	0.457536710991364	0.493140155143493	0.590547444209309	0.658583273067861		
	0.0449057690456439	0.102641440343572	0.153147157504968	0.202546979868631	0.269494099641829	0.361167693706935	0.437463509837725	0.469910596440374	0.551573605528762	0.626113210117039		
	0.0775339675588737	0.136818141295877	0.185655574226688	0.2292349317941	0.303379745816683	0.391627887435031	0.476725483335699	0.49945790524559	0.570981143181705	0.610286737385097		
	0.0427455821708079	0.0415398252162866	0.0448212672887577	0.0406902320767449	0.0423773846073767	0.043601957094234	0.0490184028322717	0.0430207920813377	0.0443526728942229	0.0435973779527163		
	0.046864011247791	0.0493880998588778	0.0559165693901625	0.0521473197018951	0.0477220819695297	0.041717603093517	0.0489284614496807	0.0459367274718979	0.0511835349446888	0.0524065909330906		
	0.0666716571842085	0.0431566326709491	0.0439271996124346	0.048316983197308	0.0425011482131697	0.0404933237559614	0.0451226096362461	0.0483604994001774	0.0465204272894975	0.0480962287923074		
												
												

	Iteration: 9
	0.0582973608487384	0.119794887004223	0.156897063043006	0.209452710450743	0.289565045334469	0.412915471611834	0.48248257920654	0.521721701031686	0.630164708973785	0.691769937432666		
	0.0447854508534582	0.104485636850142	0.158027304997447	0.209917871029942	0.281387652471818	0.381005859800446	0.462451968319066	0.495402157808639	0.585893717252047	0.665029634544686		
	0.0769016532294072	0.137259350073408	0.189739334370883	0.236800634349961	0.313402027467258	0.411259539238254	0.503316901162069	0.530561328668573	0.608374637408512	0.646621885822757		
	0.0426231195522589	0.0396589327467888	0.0453207091108858	0.040684773830219	0.0418484758749637	0.0428488797317498	0.0534644318573982	0.0429224828060832	0.0448203488817226	0.0424682629289346		
	0.0467099413342534	0.0489933657312269	0.0567120209083316	0.0520147074194509	0.0482253356710726	0.0413279543528903	0.0475020917196872	0.0447174995818714	0.0509631819827589	0.0520698019719294		
	0.0666431670941724	0.0428598508274904	0.0445696963720757	0.0480985421979357	0.0425596170898307	0.0401561040027149	0.0443187297695751	0.0477752475919832	0.0463899827100594	0.0479666977408109		
												
												

	Iteration: 10
	0.0594655956974371	0.120596761159083	0.160610080849442	0.215480504599454	0.298846988072634	0.429204700170174	0.505208298144944	0.544523669222887	0.660260259366195	0.727440739986044		
	0.0453790990500453	0.105881869546925	0.161897931618505	0.214986248358407	0.29126986385013	0.397286517475392	0.483459855232183	0.517851970932736	0.610761432520605	0.695332665147405		
	0.0780616003317111	0.13796951827451	0.193361206703804	0.240730090098751	0.324323924527878	0.428357627900623	0.531261694911869	0.554000660130149	0.636883261808517	0.679072406215657		
	0.0434462933623685	0.0405028715224839	0.0450909037245789	0.040562436138599	0.0423997599168242	0.0435534206505521	0.0593069905947073	0.0425303816675453	0.0446826098168219	0.0443971699271934		
	0.0469189176293235	0.049215040616869	0.05650016683014	0.0503939498733678	0.0478950096607393	0.0407843976289382	0.0474156974578285	0.0438767939786575	0.0512553019024721	0.0514375687103039		
	0.0658061997888152	0.0430226213019902	0.0445201338876259	0.0476624517545819	0.0426381970404213	0.0400230151821765	0.0439652368271825	0.0471737002371127	0.0474752937998111	0.047553382004822		
												
												

	Iteration: 11
	0.0592300832266802	0.123767372713757	0.165127399830602	0.220475584010435	0.308261736065611	0.449029658653583	0.530394139133285	0.571816323650667	0.692644616823739	0.764813796866193		
	0.0454586507336672	0.108907625636462	0.16594354020711	0.22080393817419	0.301437735693963	0.41713616467446	0.506280656959692	0.545866592888634	0.642549223248241	0.731073389481979		
	0.078437030855708	0.141547063766069	0.197055263686732	0.244934863364438	0.33358224005448	0.446575594319206	0.554494830103334	0.581497851565698	0.669981739136598	0.717254795277267		
	0.0436271432356556	0.0413156553482032	0.0452255549300986	0.040366949291284	0.0424130029899563	0.0436321806392198	0.0556005851039398	0.0433643633997443	0.0445444555111805	0.0448304514659285		
	0.0479944511425822	0.0497242080583346	0.0569362552577477	0.0481897001887748	0.0487342701433919	0.0409864448052732	0.0481008556158872	0.0460896021812331	0.050698254278679	0.0526636791761009		
	0.0668378061221783	0.0434641460754264	0.0452508354081773	0.0477183837335638	0.0431040294219124	0.0410592776446846	0.0463208583574108	0.0490207211553811	0.0476074512959891	0.0489664756377343		
												
												

	Iteration: 12
	0.059018420929851	0.124347696365968	0.167583482619768	0.226198315859277	0.315365871297566	0.463639231542614	0.54875688094121	0.592967765573965	0.7219192794629	0.802729224415252		
	0.0453910538640161	0.109692295632344	0.168551378553842	0.22474560692993	0.309489801186735	0.431776022965821	0.525034763397274	0.566258211924576	0.669058694056292	0.759263280182338		
	0.0786355400702838	0.14192016901402	0.200165272016353	0.250742764925064	0.342325608935994	0.460485163906101	0.571351450183037	0.60466050018244	0.698521270008454	0.743229110715178		
	0.0429558597392652	0.0411298461075387	0.0462618809419185	0.0412910583836849	0.0432527072215795	0.0437109549137264	0.0537999605044925	0.0429101385627848	0.0448469834742887	0.044354507733295		
	0.0472826746624003	0.0494869555161994	0.0561894143568136	0.0502907023370042	0.0486800603908567	0.0412077123624287	0.0486897898481894	0.0456707064566262	0.0514692750955755	0.0522005627843199		
	0.0662893697006693	0.0439198675202899	0.045266923751369	0.0491375806727687	0.0429640900622374	0.0406110942155242	0.0449149550099957	0.0480874379633045	0.0479787239971576	0.0488399291063014		
												
												

	Iteration: 13
	0.0583215190176784	0.12555214933708	0.169798119501859	0.229773801911678	0.322708297013328	0.480716225806546	0.571376148546644	0.620940034074381	0.758231893279431	0.830921548959401		
	0.045282552998323	0.110941740575733	0.170796745386974	0.228332225552299	0.317410025729361	0.447631940911272	0.546956771265929	0.587794114566759	0.700655236467863	0.791174065358929		
	0.0780531729880199	0.14382454709985	0.203068257385424	0.254201195840835	0.351129615297404	0.477841688946634	0.598074089804348	0.629747789065714	0.727418628695956	0.776382187237434		
	0.0431946024533106	0.0413133777929645	0.0463227015307051	0.0412336708834627	0.043744850567926	0.0444191907638612	0.0551733595698597	0.0437686707184884	0.0453680641292243	0.0445931028448941		
	0.0475321258363482	0.0498751699905347	0.0569187844235612	0.0480527390599092	0.0492841632490888	0.0419793881062506	0.0483470737235511	0.0460919049225636	0.0511019959764939	0.0524869730845954		
	0.0670504148949702	0.0438341828699032	0.0452816336152851	0.0482618997895005	0.0436775199007999	0.0414746582240387	0.045031174236996	0.0489470045403691	0.0478765114318099	0.0488705193937339		
												
												

	Iteration: 14
	0.0586096258395591	0.126696182873777	0.171229644496006	0.232901456756977	0.328782248500569	0.493114371656175	0.587563319988518	0.639100367766509	0.784935139503529	0.8671570252199		
	0.045351512273696	0.111562458733529	0.172406484165841	0.23135915546579	0.323061093380534	0.461167322653212	0.563808904737719	0.607238111560683	0.726226287691234	0.816599378030994		
	0.07828027270549	0.144080712217812	0.204669029262683	0.257925850036459	0.358086677139156	0.491301766775187	0.609600108317399	0.649437810090779	0.753303783195239	0.801636626067684		
	0.0433446842025593	0.0409623216200877	0.0467814340481488	0.0417166912264294	0.0437581347215259	0.0443719390911197	0.0557441858250745	0.043700878337479	0.0458262491352641	0.0450734434862192		
	0.0476485854360854	0.050365112505432	0.0570406227166699	0.0483919819247709	0.0497390696736343	0.0422728295640331	0.0482480143186916	0.0467343859058921	0.0506335601146889	0.0528652492841063		
	0.0679086721560772	0.0440083191419488	0.0451768367048687	0.0487875598283909	0.0435245760887439	0.041277849477677	0.0451285834729497	0.0493157128048639	0.0475672452839119	0.0486856200540711		
												
												

	Iteration: 15
	0.0582319984226638	0.127637589057917	0.172146603849638	0.235943400420206	0.333792104770742	0.506918957781642	0.605897248515289	0.659730183997507	0.806678596066666	0.901538774153596		
	0.0450922821943467	0.112488226373252	0.173426569092021	0.234653959735936	0.32885554468825	0.47474872302236	0.58201801306305	0.631164472620043	0.752321558160581	0.846697213017291		
	0.0759563845577532	0.143812434923546	0.2038132697814	0.259662764218324	0.361612213612373	0.503467382065121	0.625420348796301	0.669656417650158	0.776743680473118	0.82806591138399		
	0.0423070697102772	0.0408462759672832	0.0456541430629769	0.0414892401982398	0.0428566508959367	0.043720115640475	0.0567922598993987	0.0431118051530707	0.0449406767438865	0.0441215451725026		
	0.0461213810900071	0.0491876729505303	0.0561389793165005	0.0482170050367085	0.0483743884679363	0.0411890414031571	0.04839753790132	0.0451763771249913	0.0508416397207211	0.0520459890619837		
	0.0662073568926156	0.0435076365247305	0.0446816917029602	0.048772730737687	0.0433501759818389	0.0415074683545292	0.0454632495424083	0.0485906522503538	0.048004165252223	0.0488468812551544		
												
												

	Iteration: 16
	0.057831040026486	0.127963337589887	0.173480909239037	0.238662244992888	0.33953152330834	0.517658227121896	0.622092218611015	0.677323302024188	0.827725941737102	0.925047017260222		
	0.0445104973946675	0.113225103578705	0.174774728870949	0.236907818330678	0.333866251443605	0.486095331072949	0.599302074452087	0.649709501171507	0.774246614005797	0.872410775310177		
	0.0751347749430844	0.14496749408788	0.205475289388015	0.261812879576511	0.366728736716159	0.513086756891159	0.631056422642851	0.686713528146858	0.799631936808379	0.851419410012501		
	0.0419875999447036	0.0410064726185244	0.045025201740023	0.041228205802724	0.0433446842025593	0.0432211375247685	0.0570713238019373	0.04290922418835	0.0454540519736232	0.0445274761210196		
	0.0467998856913971	0.0486610654118631	0.0557102823567785	0.047860326127803	0.0489646212098979	0.041780982547107	0.0478136233463557	0.0456251586440439	0.0499490443331031	0.0524790276744649		
	0.0657599362660968	0.0437104968824613	0.045066551480097	0.04850728300505	0.0434165404713495	0.0414719241583824	0.046615404526966	0.0487713405363931	0.0475455263431029	0.049398773329784		
												
												

	Iteration: 17
	0.0575325735521242	0.128465223717872	0.176086703149153	0.241623563839497	0.344381086949118	0.531092828644773	0.639960017380327	0.699312248109761	0.849971549925445	0.95771722314926		
	0.0449494041068724	0.114115642064611	0.177131670597146	0.239501861357652	0.338723080771572	0.498876188690595	0.616193862358354	0.67247425801828	0.799060491468154	0.901542075756386		
	0.0774003032996333	0.145609880023987	0.20778010706174	0.264891187969271	0.372647061185988	0.527907955462503	0.635757453944353	0.709127905450016	0.824686430056169	0.878680039365743		
	0.0434906976214155	0.0416770268610989	0.0468215673739964	0.0416893361040522	0.0434064707237633	0.0453069173580351	0.0586840529039012	0.0443444162143278	0.0462061362170109	0.0457544532843461		
	0.0462406878894136	0.050233508186429	0.0574087063500484	0.0488890600105799	0.0497571829549154	0.0415849465552056	0.0482193190857806	0.045300021645849	0.0509333753682677	0.0521547920214542		
	0.0670798984188708	0.0440119859192779	0.0453818578240612	0.0492247820668314	0.0440239031594118	0.0410315086839674	0.048363740142925	0.0483063362796876	0.0479856623734628	0.0489303157231219		
												
												

	Iteration: 18
	0.0576115455141662	0.115620518269494	0.176664234479097	0.243867501880945	0.349379847079679	0.541262184118009	0.652986846771994	0.716083535413458	0.869693107724147	0.971897921760875		
	0.044883264254094	0.114630889134164	0.177759236420514	0.241501486901767	0.343178213887652	0.509464181955601	0.62968069528941	0.688771914455902	0.818384137478492	0.922787505914335		
	0.0758399734079891	0.145550231228526	0.207699919749491	0.26685986271456	0.377506665467197	0.536889975745385	0.652114061072886	0.725228564813273	0.846301643588958	0.900401216637312		
	0.0430148471674265	0.0408540113795186	0.0461886310854831	0.0415452942198177	0.0437379796134332	0.0456371202333038	0.0545581971641856	0.0445811699756342	0.0466112546020704	0.045477966057635		
	0.0469807532937244	0.0491366530924813	0.0573269355359679	0.0481531421482142	0.0494530728737997	0.0417454159594579	0.0477678502460356	0.0459629702073529	0.0517052806299513	0.0531104397188827		
	0.068153300489562	0.0433089893298676	0.0451943011005953	0.0489516404367524	0.0436028729283314	0.0411922290710878	0.0495356954598051	0.0488116581807715	0.0491190294434311	0.0494632838028177		
												
												

	Iteration: 19
	0.0583153609254309	0.115164566015642	0.179971348103209	0.246894631921684	0.354216734689479	0.553135363156188	0.66956157810225	0.735058356170841	0.895333408054576	0.997841719042854		
	0.0456955527316073	0.116224148374024	0.180442986750069	0.244140636220505	0.348665639602231	0.520142504105441	0.646056851990293	0.708219425647226	0.841375689870033	0.95063227869211		
	0.079176441638479	0.148379521247391	0.211757882202462	0.270969479556153	0.383128196354184	0.550164429772353	0.667193445947545	0.74648595769761	0.870427016886493	0.927500566195783		
	0.0439533211967491	0.0426902869365103	0.0472291075447901	0.0427803166618483	0.0444760830937738	0.0458920724268267	0.0531647372365682	0.0448345844090208	0.0473307059719271	0.0467938888213519		
	0.0471990943756624	0.0509417582718283	0.0579720670090285	0.0492911225128991	0.0506940651561133	0.0420236426275616	0.0493825311955802	0.0461600715960745	0.0517253423499675	0.0546023432823745		
	0.0671785135985887	0.0447046451318013	0.0457724011343869	0.0494540011301537	0.0452269338273221	0.0419442614389102	0.0523631346868455	0.0494210492445063	0.0491264498400747	0.0503390674962449		
												
												

	Iteration: 20
	0.0591769206622134	0.115036078279973	0.179630481697277	0.248527704094693	0.357809038709738	0.563508637222146	0.682859200578544	0.749113784034322	0.915134011773264	1.02386939784447		
	0.045744789364614	0.116391972405509	0.180444241791342	0.245827555316779	0.352216792485846	0.529348908595279	0.658870189029258	0.724577867094153	0.859312787202397	0.970579962183504		
	0.078205881990322	0.148655301358837	0.211172863886413	0.272648486097941	0.387145597750567	0.559711087111108	0.685164078921264	0.760072993699048	0.887019493450255	0.946255311247806		
	0.0437677545346926	0.0423869738845526	0.046346663495409	0.0428383660250611	0.0451019316052316	0.0468672408427913	0.0531361833852844	0.0454471539248617	0.0476966572332386	0.0471150685348863		
	0.0467117861595839	0.0503172094976147	0.0579564476720304	0.0494145519846845	0.0498695950784042	0.0428278525728895	0.0496903069017108	0.0469922907728616	0.0525603581550523	0.053766208468241		
	0.0669769564600594	0.0444756242548507	0.0460076325432486	0.0488733004358017	0.044504073184817	0.041991249700524	0.054591541157929	0.0500312965920691	0.0489437594423447	0.0499973714564823		
												
												

	Iteration: 21
	0.0588542875742419	0.115553500018156	0.181164606105078	0.250134522156027	0.361634118216054	0.5722956177038	0.697279734273583	0.764654772887154	0.938019176169561	1.04426369250321		
	0.0457125778518297	0.116444498410116	0.181678446159916	0.247312389175959	0.355514469423172	0.539481334860234	0.673059145493763	0.74242041749011	0.880346487940855	0.995105621480225		
	0.0780739937812755	0.147969381846612	0.21228223724663	0.273394813490775	0.390249343449704	0.569429292551409	0.714902536101997	0.776426738638444	0.908028423414645	0.9682908136323		
	0.0436271432356556	0.0413566533850726	0.0471723151449866	0.0420788530431041	0.0443861599275564	0.0464512821732107	0.0535183051608229	0.0449925841672815	0.0474910027247053	0.0478237958016149		
	0.0470172127738873	0.050567479623601	0.0581192950271576	0.0492173599898982	0.0504176723695376	0.0434133364354278	0.0495751556113786	0.0468224900227988	0.0525168865206429	0.0545821482246294		
	0.0671093839444943	0.0444155205468766	0.0460739438639798	0.0493658256340941	0.0443040524832197	0.0418767532246176	0.0560122105479903	0.0497334965082991	0.0487314899914712	0.0503325564879941		
												
												

	Iteration: 22
	0.059179293852213	0.115523777491434	0.182372497213794	0.25182274169013	0.363821561836049	0.579442284494034	0.709581797946534	0.77862283804381	0.956643899047349	1.06228454243386		
	0.0454407158448673	0.11653169477296	0.182616497229643	0.248845654193162	0.358551693963084	0.546997633267059	0.684078141793405	0.754563528334275	0.898426647121877	1.01510623804745		
	0.0779029954056545	0.148127216363621	0.21269501303644	0.274358936594667	0.392493110793605	0.575073547533236	0.724435107849905	0.789790932246937	0.924778737448031	0.987099760853725		
	0.0436221058905199	0.0417864545883578	0.0478621758463035	0.0421787971834945	0.044663329833308	0.0455704155744	0.0535693738528952	0.0450219858141345	0.0479935260006151	0.0486592122876604		
	0.0477132987105311	0.0506954615258121	0.0577529743102145	0.0490963052673734	0.0497497517737688	0.0428982518452901	0.0491037252757565	0.0470476749396698	0.0529396340436546	0.0535768706801358		
	0.0672012369367303	0.0443494619444998	0.0456159576457151	0.0492665336131883	0.0443595535807146	0.0418243047614523	0.0613619398223928	0.0497465006720009	0.0495073792076996	0.0493486566988255		
												
												

	Iteration: 23
	0.0575803333219434	0.115296332412973	0.183157947880749	0.253094525146889	0.366799087861122	0.588859923577184	0.722817523916366	0.794807489275852	0.978457730214668	1.08413141216562		
	0.0445715321282754	0.116840001146768	0.183671624388598	0.250472083858145	0.361106809924766	0.556207250849782	0.69670458479674	0.772766526987108	0.919110606369356	1.03753771830077		
	0.0764988970000352	0.148467541959172	0.214082813369874	0.276790792374974	0.396591271776986	0.585726152129267	0.730338191888633	0.805359026214265	0.945060251015353	1.00766150553157		
	0.0431291867026097	0.041626881699269	0.0479421837110907	0.0428470512427379	0.0444136854500155	0.0463743135591531	0.0543469215042906	0.0452273934607028	0.0477003552841963	0.0496629092703628		
	0.0470181358384281	0.0498905013679033	0.0577799408802849	0.0490378771310328	0.0497530028998745	0.0424979509234771	0.0498356825713697	0.0467754374328825	0.053294891682217	0.0540072180031746		
	0.0659194698392475	0.0441605164241544	0.0462176531357181	0.0493542249277875	0.0440486553954066	0.0419821253684823	0.0599084769817926	0.0497567185023685	0.0496982014552354	0.0503920893402328		
												
												

	Iteration: 24
	0.0594879190291799	0.115867061467296	0.183813260781207	0.253032219550698	0.369493518282772	0.595434282155989	0.733190120638079	0.809281767588295	0.996048572741695	1.10331502043304		
	0.0452728995734953	0.117176733119348	0.184017576761223	0.250792936895929	0.363729679664455	0.563871107297943	0.707779633729234	0.784475982379773	0.933372361073649	1.05594436440284		
	0.0781587744605443	0.148608645481744	0.214686705164874	0.276601254597381	0.398704213164095	0.592400304015747	0.747925353525508	0.818665033896327	0.96070342422622	1.02404008614104		
	0.0436326385878957	0.0419734574305996	0.0475048640126738	0.0420227301176719	0.044515086174171	0.0463733918619993	0.0551733595698597	0.0454595704915197	0.0479995394586288	0.0489094556033622		
	0.0466836534247513	0.0502232791324007	0.0574782000101057	0.0493254565132427	0.0499945832070289	0.0427204471006322	0.0503348818368779	0.046793427527086	0.0529241946495816	0.0536101394123762		
	0.0665330873602647	0.0445531749154553	0.0459265991209298	0.049376962603685	0.0443279033254434	0.0419355942567003	0.0630687661047771	0.0502000321783092	0.0494270825013778	0.0503823216720394		
												
												

	Iteration: 25
	0.0588296254944731	0.116869271825582	0.184658981380013	0.255499366845748	0.371973551646082	0.603666647056563	0.745530540837758	0.823857386219601	1.0150204794338	1.12604571866466		
	0.0455777755856175	0.118334782897527	0.185058358887575	0.252579289284032	0.366738373185699	0.571912140154132	0.720421970084631	0.800413345376348	0.950188898574917	1.07758546402804		
	0.077620623779023	0.150261566832619	0.215749964913585	0.279178835958223	0.401632922259196	0.600910107079317	0.75410950496848	0.833084832667862	0.978859931436035	1.04472714066911		
	0.043606536284034	0.0427236460287744	0.0482239472209148	0.0431895701226524	0.045099634107003	0.0469179947756402	0.0553337551260665	0.0460872994521124	0.0482211703339158	0.0506735855829955		
	0.047203711651296	0.0499704191282593	0.0571960397536476	0.0491134642291502	0.0498784220556596	0.0428273954720467	0.0502986078120926	0.0473935241622596	0.0526370284155423	0.0536851205473772		
	0.0664462020118328	0.0445242638786363	0.0462167317709822	0.0494168724234625	0.0451694834851903	0.0422185074043779	0.0634357655608298	0.0505763207968137	0.0499327816067138	0.0507978742092367		
												
												

	Iteration: 26
	0.0592220134899246	0.117818928139749	0.184255539410638	0.25632811209221	0.373710206103449	0.610447163457556	0.755388099589488	0.835502762811869	1.03241120084994	1.14366077293423		
	0.045921535034022	0.119014101302461	0.185519684758474	0.253652707143571	0.368454177750253	0.57877914099034	0.73000219788298	0.811809326731325	0.964724874133527	1.09419572301262		
	0.0785829262912891	0.151051977986494	0.21537507953209	0.279558675504189	0.403373042822856	0.607513156635745	0.768288268034454	0.844685303234317	0.995404684285273	1.0610434001561		
	0.0440280284341113	0.043007073172022	0.0475224222792254	0.0429997565975817	0.0447808592163924	0.0469447583286592	0.0554565612607275	0.0449686967947771	0.0473473334321844	0.0532265323257927		
	0.0473842856232155	0.0508164972920744	0.0578140063097066	0.0491074353274882	0.0499448624310103	0.0425016049707616	0.0493635054680428	0.0479255334611438	0.0534705215479857	0.0544168658415756		
	0.0667267111277588	0.0452476178110564	0.0466725853072999	0.0495347670288223	0.0451754579666956	0.0422951994872043	0.0616301138617179	0.0508816843715492	0.0503939498733678	0.0507443372939934		
												
												

	Iteration: 27
	0.0585845036590204	0.116716435581026	0.185731157330925	0.257847848243442	0.375556096958409	0.617597852207801	0.76708744967997	0.849625718043645	1.0516968829758	1.16596599664615		
	0.0451244477310951	0.117400823504565	0.185816918798439	0.254137244144482	0.370347773512179	0.585973532896907	0.740750530882801	0.826254882117339	0.981582591282212	1.11464760717339		
	0.0778133101346312	0.149048576249076	0.216864282949301	0.280318562913984	0.403820971905922	0.614121049336144	0.780667601472448	0.858890599880864	1.01097057695994	1.07790745537766		
	0.0436775199007999	0.0415133926700561	0.048518397979794	0.0434284413831589	0.0448515758105191	0.0471399975827156	0.0537830841584786	0.0455331574315683	0.0476948082195682	0.0501591205611783		
	0.0467080965167595	0.0499327816067138	0.0568385220549441	0.0493064332858341	0.0498412570481894	0.0435103834361726	0.0499750659620689	0.0475030158153831	0.0536345068613177	0.0551822950074588		
	0.0656664604370891	0.0441385086992927	0.045282552998323	0.0494544652590747	0.0444357071241377	0.0422842426461702	0.0596166567971712	0.0502028217470986	0.0496489789341998	0.0508728369797585		
												
												

	Iteration: 28
	0.0589078849995239	0.116641121188739	0.18541620868319	0.257894347625903	0.37751456834018	0.6228267057165	0.775998739177053	0.861676819455973	1.0649265915939	1.18193339047564		
	0.0453069173580351	0.117564759427435	0.185545716364044	0.254261438028337	0.371559228017573	0.591422767969143	0.749532365467918	0.836388458493966	0.997425674861837	1.12935245373093		
	0.077458714470771	0.148348047971962	0.215285998296582	0.280538965842641	0.405449783826606	0.619451060471709	0.780595122211341	0.868614457265761	1.02611118878259	1.09326548625894		
	0.0440601152416831	0.0416168533616578	0.0474120018299495	0.0431712712299763	0.0448428504132001	0.0467694409004145	0.055140441122856	0.0456932520908741	0.048567029339293	0.0517794669614131		
	0.0470218281162103	0.0500433801571183	0.0584101104694309	0.0495988334234117	0.0505242070037246	0.0430486885334702	0.0500879993099885	0.047061983664146	0.0533862103484248	0.0553709226669723		
	0.0667445810131898	0.0443187297695751	0.0464397590573841	0.0494716383778585	0.0447569834861754	0.0420067615049555	0.0611468522432608	0.0504172072100988	0.0497465006720009	0.0509152129656312		
												
												

	Iteration: 29
	0.0589795166644704	0.117240747145814	0.187182487769498	0.259564120567974	0.37933606012539	0.629297752988921	0.785571697999138	0.872315075953875	1.0804621069308	1.20017512223463		
	0.0457894292675296	0.118432695961628	0.186851200631263	0.255966554837137	0.374338360889605	0.598755874789245	0.760707529686135	0.850490814650391	1.01452769576942	1.15024868842383		
	0.078954337165042	0.149580121340544	0.217431057223766	0.283250602842119	0.409095400384901	0.627869554036948	0.79541473342113	0.882376184925707	1.04403902935822	1.10935172495323		
	0.0440422380135751	0.0418147278999004	0.0481226023470108	0.0432339481395542	0.0448942868634271	0.046546244288665	0.056257770254665	0.0458110605615691	0.0485614711940122	0.0516427686548855		
	0.0473561092928703	0.0507727343140875	0.0633202662334159	0.0499095501967848	0.0511634982366424	0.0452747383045385	0.0502874471832057	0.0483544809420893	0.0543243914990963	0.0547465538944353		
	0.0664370317947669	0.0445862184572301	0.046219495871054	0.0494479674993173	0.0454301392063492	0.0429901537806856	0.0607855922966552	0.0515867954175767	0.0499866832641223	0.0511551110519281		
												
												

	Iteration: 30
	0.0592661615305884	0.117573989448535	0.187410713192216	0.259245752360552	0.380803750993973	0.634097380643153	0.7937423429909	0.883100217376017	1.09517436298414	1.21703355489842		
	0.045351512273696	0.118284203128787	0.187131504065895	0.256221257025704	0.375585600659636	0.604187428795569	0.769453441634473	0.861547320901042	1.02842651419555	1.16302018065534		
	0.07812257951438	0.151059015530781	0.217998572131394	0.281996912918998	0.410407294115874	0.633081953374847	0.803034382008874	0.892753558554249	1.05729857931149	1.12468588706024		
	0.0432096997951636	0.0420651638559467	0.0485739771209272	0.0426308866777595	0.0448097873404107	0.0468783139222691	0.056973087967625	0.0459993443400195	0.0487685601471556	0.048793120867949		
	0.0475154912997327	0.0505591039413156	0.0582495221659496	0.0501619098671949	0.0508947229616666	0.0438520515355377	0.0510228013495298	0.0478122362118265	0.0537483959510368	0.0562983174568802		
	0.0665746053861633	0.0448837235238974	0.0463144073124829	0.0499708838094028	0.0456578237625298	0.0428360804703299	0.0597278485321802	0.0507173385706022	0.0503786007133692	0.0518952042791509		
												
												

	Iteration: 31
	0.0570278705961427	0.116588571399527	0.186203373067231	0.259683098137516	0.381588818208444	0.638929002545403	0.802742373338829	0.893773930704409	1.11014093459691	1.2339407530293		
	0.0444118503609087	0.118090096771043	0.186626451550223	0.25630793464659	0.376437153914359	0.609502347771345	0.779053432683075	0.873458672594406	1.04186717520644	1.18226724754436		
	0.0747095484792586	0.148279863698826	0.216227374421257	0.281270493598881	0.409529067785816	0.636423981352915	0.822751696695667	0.902636287719546	1.07044933773451	1.13833728319701		
	0.0424691763754288	0.0412792158975995	0.0470439824421379	0.0429709487838623	0.0444682828980109	0.0467067129087817	0.0562738000914427	0.0457401875736553	0.0480198933189979	0.0470089052813056		
	0.0461130907157036	0.0493542249277875	0.0638088320846559	0.0491473203854	0.0505442142383053	0.0436248535260781	0.0496322631205937	0.0477789463122072	0.052079607667311	0.0549345223287906		
	0.0663434101324463	0.0441518048997091	0.0466965665849649	0.0497381408077785	0.0455612157357769	0.043264146083914	0.0620345967448999	0.0510288568993213	0.0495979048574434	0.0513433957443037		
												
												

