Results of Photometric1

	Plate:1 - Wavelength:340

	Iteration: 1
	0.0440802853056135	0.123696332221796	0.212019643165458	0.288274520005945	0.466641680137024	0.921613731650826	1.38126286295794	1.82786524137646	2.61185130709538	3.11104388403845		
	0.041623235004254	0.122614539434565	0.206706825179961	0.293113149801366	0.457055942800169	0.920574183171761	1.38631413765458	1.80686970942478	2.59850275014791	3.11696739719539		
	0.0862241928169802	0.159060126043497	0.24649481015848	0.330629902473992	0.509745377519417	0.958461850650603	1.44699736097512	1.83636288426325	2.57081306629385	2.94286873362723		
	0.0369921167603003	0.140853366572782	0.247966536062193	0.353576797681198	0.558071646575441	1.06937899925871	1.58996057711497	2.05455209220317	2.84975170963631	3.28023722378538		
	0.0380261366782619	0.145876372743819	0.247691718308352	0.359450056034837	0.55206206687841	1.06242797967116	1.57116780016246	2.0281789572276	2.82553091681103	3.36450171126679		
	0.0375485560419916	0.140472018719568	0.248000259017513	0.355098659669674	0.559987686744795	1.06017194892166	1.56577029194133	2.02593089145409	2.79996889383153	3.20105597773776		
												
												

	Iteration: 2
	0.0440949550314205	0.116455329304167	0.196396603450531	0.270485107355643	0.438795840168576	0.890678115628959	1.33856319831906	1.78527351079624	2.56347528697622	3.04196296489515		
	0.0420081302201819	0.114356481709108	0.192568716573637	0.274920186687534	0.435079401892273	0.88367967996732	1.33106020230076	1.7601945810398		2.57561880119168	3.05211696472569		
	0.0865703491080986	0.150545574261005	0.230217624550842	0.311237504920348	0.485954553874776	0.909677035042359	1.38858827991482	1.80324759339826	2.5143655536675		2.80921236034277		
	0.0377292248905372	0.140557306208553	0.248147644397365	0.353451540289513	0.553530755908171	1.07149302226612	1.58976727813241	2.05043907024231	2.83054849552042	3.20568673200455		
	0.0378439886377376	0.145173417083547	0.247076756867818	0.358745598022614	0.552237811197531	1.06263844001718	1.57116780016246	2.02282048241402	2.79297026370862	3.1519554748848		
	0.0367310662498732	0.140183653576526	0.247435378541787	0.354238269434606	0.5601696771312		1.06125319043754	1.5646136742123		2.02457008486855	2.78381081387033	3.09016031851292		
												
												

	Iteration: 3
	0.0430180482648051	0.108326297305151	0.182653708244291	0.256084550769548	0.417690621485236	0.854196444086916	1.30455481256755	1.75017730494685	2.52394697402871	3.11968684554195		
	0.0410647406000629	0.107454435115073	0.180335066766493	0.260156318832208	0.411769124764393	0.855385273369295	1.29938304726136	1.74253258239096	2.53772632967087	3.10731601151921		
	0.0844930097219078	0.143071927095161	0.216014824921402	0.295006771513121	0.45451377010401	0.881795302907611	1.36093086572218	1.78187653788423	2.50885020193464	2.94105690587672		
	0.0363945021625912	0.140384459059469	0.246746209041715	0.352609328528279	0.552670829567418	1.06881569931726	1.58635046088315	2.04988120955943	2.85594969734533	3.32775299400239		
	0.0372776936145847	0.144751264373343	0.246089516760988	0.357615552262181	0.550891270318944	1.06146785355363	1.57370564080775	2.02637077246193	2.83110959958026	3.27944831442784		
	0.0366900518511392	0.139715468205409	0.246955331751281	0.360261977674043	0.559080377596517	1.06036228078561	1.565145944501		2.02769309505631	2.83110959958026	3.18554381155951		
												
												

	Iteration: 4
	0.0429101385627848	0.104604189653516	0.175875527214041	0.246790072592887	0.403112051369575	0.837506671124009	1.28777207597734	1.72989766999177	2.51328387320321	3.025842968692		
	0.041284226140764	0.103414860057382	0.174086520794988	0.248440363651256	0.400274351466926	0.832749366715759	1.27579077869422	1.7037911612266		2.50327203098525	3.02716368278201		
	0.0847330675155204	0.139215827198627	0.208970623991436	0.285998480807955	0.438354685004327	0.858830748376965	1.33345458475573	1.75052695030983	2.4808966743318		2.88261318055609		
	0.036866756862546	0.140057268111418	0.246950212160952	0.352878994653804	0.550994362387377	1.06823374307255	1.58516966169666	2.04724111339323	2.83364357781421	3.24462558215025		
	0.0373178608722083	0.144154012472023	0.245678038151817	0.357740128774553	0.550692518982613	1.06132473302092	1.56841466246473	2.02742830824886	2.8327972745612		3.22057055403549		
	0.0367148403103841	0.139256918819008	0.246412260291824	0.362261248737018	0.559536799576073	1.05912661208566	1.56291477986699	2.02588692784805	2.82276821995072	3.14495997627546		
												
												

	Iteration: 5
	0.0448456057828888	0.103630907484734	0.169850170308996	0.238213296536513	0.393840853826197	0.823402085791821	1.28302564095288	1.71861551920918	2.5328960501159		3.17986667866782		
	0.0424317266444931	0.10036437394656	0.16756276993282	0.240504486502129	0.387195091553236	0.814908459700118	1.25918331032943	1.69533061154655	2.51967767408932	3.12077941085253		
	0.0867968896977074	0.137716362788398	0.203198509267057	0.277262646316589	0.42595547885873	0.841674739275482	1.31037250697819	1.73668838697589	2.54333391785477	3.00945255250383		
	0.0380582351926581	0.141177145136079	0.247007262435362	0.353161904112812	0.552412148925767	1.06909725795975	1.58499441125678	2.05053211673049	2.87385189964898	3.33485817467736		
	0.0384164527855898	0.146007361706449	0.246804694761155	0.358601816959162	0.551098952204346	1.06439305136475	1.57504241084826	2.03841916768322	2.86013138216059	3.51409488087475		
	0.0373390742938175	0.14023742144114	0.24721285185995	0.366745118841603	0.56058658710268	1.06076224941873	1.56613618052849	2.03172894721498	2.83647655903995	3.27709014855119		
												
												

	Iteration: 6
	0.0447771859416923	0.0992329047424473	0.165309170553652	0.233244305553667	0.382832084195099	0.807246874108722	1.26745366632138	1.70690138371931	2.51599314263767	3.20105597773776		
	0.0420742899327748	0.0977343828833102	0.163614991482276	0.234499000534562	0.377787305560469	0.796129008177853	1.24404400257636	1.67910603588059	2.49607397665325	3.11211489440097		
	0.0859403989526222	0.13426488520388	0.198712515455903	0.270074548105135	0.416111418216016	0.826055046979146	1.29836098348055	1.71742546308727	2.51126295526198	3.03652287937679		
	0.0376244278041914	0.140093864643923	0.246874156784337	0.352724079457809	0.551991198537181	1.06890791394233	1.58416691061953	2.05043907024231	2.83195261727991	3.29961416912588		
	0.0383182753927342	0.145772652879308	0.246967033898663	0.358052671059108	0.550733734006482	1.06401372339823	1.57393850232531	2.03199636993396	2.87727278328758	3.32863481051226		
	0.0373485529660614	0.139963503570617	0.247483705323577	0.360089222372812	0.560302081692871	1.05969648387827	1.56355108669399	2.02531580559036	2.82998811546602	3.17674449065646		
												
												

	Iteration: 7
	0.0436170686038113	0.0958689890683135	0.15980030239331	0.226025434586509	0.374036419606664	0.788893360589119	1.24195674118617	1.678019335898		2.51059140033939	3.12462518092056		
	0.0416136625755245	0.0950547476282244	0.157969501444281	0.226965260155641	0.367936888221411	0.779566721343731	1.226516374044		1.65834369249653	2.48631990807454	3.13073819202144		
	0.0850155695437216	0.131621109648121	0.193867684698686	0.26314162994964	0.406590112159921	0.810897281159272	1.2825808298271		1.70093182206495	2.48164935126526	2.95427398791759		
	0.036858190420668	0.140143046091165	0.246041344862317	0.352153423257572	0.551991198537181	1.06785588926473	1.58483515401924	2.05380136689626	2.86648038776378	3.29878929806708		
	0.0379352790988103	0.144746640314657	0.245559190497263	0.35733915778169	0.549066179840543	1.0632225231671		1.57070516129841	2.03266564804747	2.87509274186996	3.36642337140166		
	0.0371793220908354	0.139473284664055	0.246242826541596	0.357207154238651	0.559775711470714	1.05940195675231	1.56264236207599	2.02465775028707	2.83847069922663	3.16387102289674		
												
												

	Iteration: 8
	0.0437856204673443	0.0934929788995818	0.155990949004768	0.222012794089703	0.367576600085294	0.777462608626287	1.22953414346277	1.66369487846955	2.48467317188405	3.14265296165044		
	0.0414454957443779	0.0924007672157059	0.154416580973357	0.221846402628237	0.360908996558999	0.766871896679087	1.21469145820543	1.64396821667109	2.46866221791479	3.08914204259062		
	0.0845116258106189	0.127545912121491	0.190673133665864	0.258170446481436	0.399232500877932	0.798758112430568	1.2662362857786		1.68550323901808	2.46081294507907	2.9292847535824		
	0.0370733043434193	0.13839993674835	0.245468800561464	0.351668209713367	0.551181463352828	1.06722202741527	1.58329338195535	2.04899939304956	2.83167142951877	3.37223990229869		
	0.0380984747096834	0.144520699432332	0.245791812385859	0.357062939092803	0.548717318301442	1.06224152049896	1.57254320239341	2.02822315348082	2.85624705749519	3.40359957215873		
	0.0370701467648662	0.139630345861691	0.246973616495134	0.35867937714605	0.559264990558487	1.0594114545103		1.56271801654563	2.02207903044459	2.82747531492516	3.21441993929574		
												
												

	Iteration: 9
	0.0441022900801476	0.093000656268902	0.152674801191741	0.217234309568459	0.359847290643728	0.766100174362241	1.21356576258906	1.65498091102512	2.48644683909456	3.13298261294389		
	0.041780982547107	0.0908862782688109	0.151288384599058	0.217339503824006	0.354115629293481	0.755484794741618	1.20018168917093	1.62940007317085	2.46647433176661	3.09632062721774		
	0.0854515168820876	0.127032323701096	0.188225780508241	0.255104962020505	0.392221202043226	0.788526706181071	1.2516216123285		1.68025496375148	2.49168321300197	3.025842968692		
	0.0375020459794472	0.138844466858922	0.24567730892594	0.351771539908754	0.551319999460406	1.06581728448964	1.58315060802982	2.05506896965676	2.89091002108032	3.37029239014769		
	0.0377454887740692	0.144879601645469	0.245908534878376	0.357097810261		0.547998492353238	1.06188794607781	1.57223374357891	2.03221934805762	2.88419646514563	3.48152381448685		
	0.0372113580762101	0.139173598195418	0.247197484160415	0.361089687898773	0.558844847365751	1.05830162395737	1.56250621723302	2.02316983948215	2.84306341334976	3.26548764688455		
												
												

	Iteration: 10
	0.0444389187115789	0.0916011790837864	0.151363498498546	0.214364298879631	0.355895900085809	0.757390064706875	1.20613921917154	1.64735679501226	2.44761220508142	3.22194926783436		
	0.042122204982626	0.089861716299341	0.149177605970972	0.214042809756518	0.348222164218234	0.746412034052794	1.18830181228776	1.61830413262431	2.4448349327429		3.14207811777842		
	0.0861262074266156	0.125908436804636	0.186054598313858	0.251708855538909	0.386132719673885	0.779434603666888	1.24158816521861	1.66597293642667	2.46976030821384	3.12077941085253		
	0.03754449185734	0.13944758914774	0.246291751052112	0.351047814830117	0.550727845906453	1.06565827021488	1.58319819412332	2.04997413659133	2.8401872804413		3.3901720382546		
	0.0381803216352239	0.144520121729084	0.245688247442667	0.356479968740999	0.548343848794224	1.06108630356091	1.57055105779743	2.03257635135096	2.89155485339167	3.35408193272474		
	0.0372831092079246	0.138988181581555	0.246597836868872	0.362444412034659	0.55850303074775	1.05822110564132	1.56131299603724	2.02426339518384	2.85357811748937	3.25048461849252		
												
												

	Iteration: 11
	0.0444728712314929	0.0917735649549964	0.148244318878424	0.21121327759625	0.350488638105666	0.748749017120941	1.1939485947637		1.63592398992006	2.43176818768542	3.21509905512122		
	0.0419346819317927	0.0894274281453765	0.14626713808337	0.210386219601932	0.342719331768033	0.736329390323683	1.17734221225361	1.60550965560851	2.42775723014852	3.11372637855755		
	0.0857793955791343	0.126143724601644	0.183398598864585	0.248548991402681	0.381647655767378	0.769970133972084	1.22986449898183	1.65601139950466	2.45181170096428	3.1235229100702		
	0.0376686924540942	0.140355848618201	0.246261811518144	0.351555598491372	0.551541159282421	1.06472944182709	1.58286520091205	2.05043907024231	2.83961433249289	3.35128303271351		
	0.0387034208608307	0.144853006122567	0.246503577437694	0.357514596003244	0.5490251227585		1.060752722074		1.57032000502536	2.03217474327332	2.89904006909212	3.39425954590458		
	0.0375219137462726	0.139203272201186	0.247016771543085	0.360646652461152	0.558354694102481	1.05893682087227	1.56067995753271	2.01990559741327	2.85505883655725	3.21577923455846		
												
												

	Iteration: 12
	0.0449310309151522	0.0897761480570013	0.146322244566361	0.208734134701454	0.345456985741922	0.740178627497482	1.18667546622009	1.62066673078406	2.45475209460611	3.13978632099883		
	0.0422294625870782	0.0878537852673418	0.144648390704915	0.206734824953153	0.339346913921095	0.726826465099644	1.16843721688704	1.59465832526073	2.43728776129655	3.08008342834706		
	0.0862509658668466	0.124825543392625	0.181994473434184	0.245469529437317	0.377167964979272	0.762482466917566	1.21993781246195	1.63970158244047	2.48912099623737	3.01456195828231		
	0.0379054494117172	0.1393008683269		0.246334108064599	0.351350925594312	0.550770536440419	1.06443148280426	1.58453272606603	2.04567392718986	2.87602570567001	3.31388213094287		
	0.0387767775144075	0.14611403677219	0.246023829132936	0.357166618346133	0.549039785556518	1.06037655903859	1.57175451776848	2.03701872657383	2.90565549756704	3.48912099623737		
	0.0374541864549647	0.139485276425303	0.246944361274475	0.363127184806299	0.558468564180497	1.05823531367122	1.56224917113996	2.02251502534307	2.83364357781421	3.1932306402258		
												
												

	Iteration: 13
	0.0447280588790626	0.087978026681741	0.143133539889917	0.204646470199286	0.337540260861422	0.730447278942369	1.17530958542683	1.60892971089381	2.42367309893665	3.10731601151921		
	0.0425258138105852	0.0863833399120291	0.141826001451201	0.20290962765732	0.331567349764173	0.71781241442589	1.15601764223961	1.58103039613245	2.41497169127201	3.08812614860247		
	0.0874990055189752	0.122859590342449	0.17901772064264	0.241389553007119	0.371160875338339	0.753562015145946	1.2075061948476		1.63242763823184	2.45263300645647	3.03293364835335		
	0.038431384932591	0.139617207657394	0.245896131623943	0.350811795314694	0.550308524121155	1.06353403605929	1.58201010320918	2.04747205967993	2.87323280548584	3.3503540602055		
	0.0383770886769962	0.144575584745315	0.245058637547448	0.356814209823853	0.547792287493401	1.05883247104759	1.56824604310603	2.03213014306975	2.90833014486235	3.34026439986506		
	0.0380627563007851	0.139915485668887	0.246693578627502	0.363058381441598	0.558047693347318	1.05742146965806	1.5590713740933		2.02012245190517	2.84945876225124	3.18049381882287		
												
												

	Iteration: 14
	0.0437517216311256	0.0871910889808057	0.14155337518928	0.203271917131429	0.332660929126101	0.723662825745951	1.16757739055047	1.60062765200562	2.40412439939106	3.11696739719539		
	0.0419529287940937	0.0855710378275701	0.139977795638038	0.199965689056804	0.327488797817483	0.709702774592188	1.14669250937801	1.5716618254342		2.40181988877341	3.12242342978195		
	0.0854258014850997	0.122634863511186	0.176972897520635	0.239596770411571	0.367329497433412	0.746423583792886	1.19921086116048	1.62200027818427	2.43956096450746	3.02804639544749		
	0.0375097220543412	0.139401911983346	0.245953043589894	0.350955807717232	0.550004217707689	1.06337106298351	1.58286520091205	2.04383739001216	2.86133358218613	3.31302973718169		
	0.0378905353364593	0.144864569193274	0.24523562309302	0.35663340524234	0.547624178685396	1.05880875867463	1.56941238822292	2.03580265619033	2.91988482670654	3.40993975018974		
	0.0373729276446732	0.139344251423712	0.24661245256612	0.36338816329544	0.557996797123681	1.05703873349		1.55926649179853	2.02177409423934	2.85923191104465	3.25567692862974		
												
												

	Iteration: 15
	0.0448157568756799	0.0868828846987089	0.139230094681754	0.20033998237648	0.327413971442189	0.716689262621515	1.15550186356952	1.58991224430295	2.39251765228894	3.08108066066101		
	0.042330354551786	0.0849662065646605	0.137737974798576	0.198346814699891	0.323616565966752	0.70251778713524	1.13553850514226	1.55612526982417	2.3805161819065		3.00189941461338		
	0.086575404528478	0.12216106560543	0.175268037628773	0.237154441921855	0.363506754789602	0.739093854402451	1.18832098206428	1.61212250809203	2.41594194123175	2.89252390061091		
	0.0381097786155782	0.139995518454865	0.245437460056919	0.350954878451887	0.550011565591731	1.06257146429805	1.5795492365334		2.04164374806203	2.83449153346642	3.23812728911334		
	0.0380627563007851	0.144999301657416	0.245813695463771	0.356579743369263	0.547583257693949	1.05740728822787	1.57055105779743	2.02800221717759	2.88072082687839	3.30879268423843		
	0.03746953704866	0.139190717566686	0.246591259965582	0.36489399973957	0.557628725570787	1.05644875236109	1.55681140632379	2.01319356177595	2.80285284001683	3.1501960080006		
												
												

	Iteration: 16
	0.0443792788195211	0.0858636751671272	0.137494049021944	0.199130275071885	0.323518848966309	0.709743107630595	1.14842615251504	1.57827695753405	2.3805161819065		3.16690170150345		
	0.0421587152358416	0.0839032426747687	0.136468105327095	0.195121215954842	0.320405189817338	0.69563670519351	1.12780988292749	1.54753649556741	2.37136244093002	3.06299262621953		
	0.0864621772142234	0.120226775558687	0.17367918493079	0.234710839368764	0.359792281842907	0.732919086269775	1.18126644529528	1.60036353280974	2.39323405668689	3.00314918376909		
	0.0378195875073349	0.139723467135503	0.245840686111861	0.350485853312795	0.549976296882073	1.06275806521197	1.57917187625602	2.04096050105672	2.81323487581055	3.32775299400239		
	0.0380993790113278	0.144918919749848	0.245446934854658	0.356699314860813	0.547570105336938	1.05766735472162	1.56728157323259	2.03293364835335	2.85893250084189	3.26472505760713		
	0.0372587395696894	0.139524109162474	0.246256700096662	0.364631156063734	0.557340172202681	1.05588312351279	1.55618489085346	2.01494759792455	2.80602095970912	3.1501960080006		
												
												

	Iteration: 17
	0.0453317428285208	0.0849883688408168	0.136508937774924	0.197336361503925	0.322081810234208	0.70341859004201	1.13958636300054	1.56990441955262	2.38743455959572	3.08812614860247		
	0.0426665258580708	0.0829205699561305	0.135355764960639	0.192934748676333	0.316270908908591	0.689344748913014	1.1198287236958		1.53986017768606	2.3768512278201		3.06155852095853		
	0.0872017206167686	0.119531923889576	0.173202487827452	0.232518551214207	0.35561496174727	0.726634406356337	1.17220139979276	1.59231929857245	2.41079214395092	2.92998920545122		
	0.0382585654369888	0.139572083808644	0.246287369527973	0.350911205223416	0.549252451777859	1.06227976200841	1.57936051540848	2.03937042585962	2.8401872804413		3.23669633400689		
	0.0388601112143854	0.145046149774712	0.245820260602165	0.356625873351376	0.548314570646121	1.05745456146284	1.56528291951		2.03106110995912	2.88324580190889	3.35221399658962		
	0.0377346461173741	0.139178733935942	0.246578106457792	0.361924696822591	0.55827680019539	1.05612813890438	1.55675169922874	2.01709629853709	2.83847069922663	3.1945251105788		
												
												

	Iteration: 18
	0.0439056619440081	0.0824611132920158	0.133449223786278	0.19213529985354	0.313923087952914	0.690712076347843	1.12449276060795	1.55188344176415	2.36903117441383	3.07072220924275		
	0.0416296167406251	0.0806725158551227	0.131883641873699	0.188383609231651	0.309076966077495	0.677697799190699	1.10322570969388	1.52252380390746	2.35784208159805	3.0663574038403		
	0.0853279960418104	0.116674713045095	0.169084733922124	0.228265666527694	0.348441073591875	0.714453781594709	1.15591087914277	1.57577471376988	2.37882844262566	2.92787926859552		
	0.0371617258649277	0.138319627919539	0.245329607698532	0.349415032718018	0.546822537468006	1.0608098892777		1.57688330551009	2.0413247656886		2.8547622885895	3.23384849113406		
	0.0392008587412728	0.147118297712605	0.245958151438723	0.356887683191592	0.547755736564496	1.05727495053864	1.56902837624156	2.02835576923285	2.91577150962597	3.50208597340174		
	0.0378887276045635	0.139709754774111	0.246364052583157	0.361603642546448	0.557736421544423	1.05544056155937	1.55606565697868	2.01791560028989	2.84277494141494	3.23243154213846		
												
												

	Iteration: 19
	0.0436619483076115	0.0817885882285948	0.131154777187663	0.190063209081389	0.311061146152654	0.686176322514962	1.11769454067583	1.54227876957547	2.35305357376811	3.11642554499546		
	0.0413990220895021	0.0800251610926707	0.130169951569871	0.187373092367459	0.306827212451536	0.67228531279619	1.09722117024359	1.51732687999084	2.35361419494996	3.07710539737352		
	0.0849823244715218	0.116094264616387	0.166919341273413	0.225769724396173	0.345123116952577	0.710612238763116	1.15030137523803	1.56784774831517	2.37586598583243	2.95093181636803		
	0.0367792969267667	0.13844892673045	0.244724528177263	0.349702179987116	0.546656261821027	1.06110060563776	1.57739953133955	2.0421454799144		2.84248666096499	3.31730853516096		
	0.0377238037313717	0.14459465179315	0.244665594372797	0.355269440780258	0.546124315849653	1.05590667667931	1.56905908470768	2.02915231527582	2.90299722158954	3.45949852963057		
	0.0369447643448359	0.13926490930782	0.245272777366564	0.355808498453191	0.556339943845915	1.0543502072277		1.55684126294981	2.01903926063705	2.85269210327814	3.25493135852061		
												
												

	Iteration: 20
	0.0440660744812551	0.0822623497934063	0.130221934803274	0.188501219335644	0.309860758711472	0.680703473654437	1.10949559547559	1.53356057389406	2.32845830391284	3.01499046791934		
	0.041967070639701	0.0799101435647685	0.128867930790451	0.184962601602436	0.304229245083237	0.667480330752981	1.08906576805682	1.50655713880763	2.32907639111147	2.99365828532059		
	0.085157141447256	0.115407068700223	0.165343109516385	0.223829290028571	0.341772084504417	0.704931790856408	1.14106250565334	1.55609546237859	2.32837007750687	2.8747821987878		
	0.0375295901723368	0.138601058756779	0.244864982936844	0.350021043218121	0.546682511638614	1.06028137955107	1.57518254351371	2.03638774651819	2.79788344213204	3.16387102289674		
	0.0372862683352264	0.143863192968247	0.244279448474352	0.355615901037552	0.546302044484825	1.05515360820224	1.56973522089986	2.03271030328188	2.92368990027157	3.65511192838872		
	0.036339559303013	0.138664890307432	0.245457138714168	0.357408004118731	0.5561237794033		1.05372167854499	1.55605075504576	2.0212518440729		2.84566831975118	3.35501892226167		
												
												

	Iteration: 21
	0.0441976569889256	0.0814052548213275	0.129162817660558	0.18633566009167	0.305750652442598	0.676136900553426	1.10374607155375	1.52576378924531	2.34344939200619	3.03159529758109		
	0.0415840349666075	0.0793255687671085	0.127785424151024	0.182496686809916	0.301953760412006	0.662377536627091	1.08350850116209	1.50195438894931	2.33084721714047	2.98878764194925		
	0.0844698665080903	0.115119213062274	0.163161871987895	0.22102917982664	0.338744764280453	0.700171115968283	1.13385545377962	1.54922017847646	2.3419904967207		2.8515135557926		
	0.0369077879533338	0.13888153158149	0.244118837279831	0.349267827586229	0.546479845882608	1.06006730194078	1.57479339770005	2.03593760708952	2.81783922588642	3.21374188376081		
	0.0379456747742237	0.144547852351813	0.244877356776649	0.355519164808293	0.546471099849414	1.05449104731257	1.56312677857227	2.02273318704048	2.88292937604287	3.25196181203201		
	0.0370773641210071	0.139024688132751	0.246680422020462	0.355665686329825	0.556338452688144	1.05264030122787	1.55232644875452	2.01059693915256	2.82886951991677	3.182380691372		
												
												

	Iteration: 22
	0.0455589158065714	0.0819846338163304	0.128773208129884	0.185147159342782	0.306663544221757	0.67132432896806	1.09805090704584	1.51882882738052	2.33333856703612	2.9965249259722		
	0.0430582926447476	0.0795722379936579	0.127420929296924	0.182270398361689	0.300166057117407	0.65849836719496	1.07716970541768	1.49490738877461	2.33093594826385	3.05258419928598		
	0.0885997674517313	0.117268417145626	0.165505568423927	0.222325036390701	0.338874888073619	0.69830410673426	1.13155606209376	1.54501588309481	2.36671235520865	2.91372936880097		
	0.0388419938323672	0.139689187043773	0.245726169767165	0.350681760629668	0.548162356085476	1.05997219019815	1.57577471376988	2.03458998142636	2.84364093269272	3.21646048094427		
	0.0384671336733506	0.144326056932611	0.244502658564177	0.355703263914695	0.546433202407413	1.05425164633722	1.57112151409226	2.02681109946092	2.84828894475767	3.35689898788998		
	0.0374410937302674	0.138841045659384	0.244949423202241	0.354778860356111	0.556590531061912	1.05214965478795	1.55244466031169	2.01383446082763	2.80549133222653	3.21036739528454		
												
												

	Iteration: 23
	0.0449195480650338	0.081721093010236	0.127862696347613	0.183175628978198	0.302403084877548	0.667064505796388	1.09358904430397	1.51574861509909	2.32180366148919	3.13523869324811		
	0.0429814657007366	0.0792902707209764	0.126788789775516	0.180221528758738	0.298203766251429	0.653331605556744	1.07173723568614	1.49028493095909	2.31670695964708	3.0702350589035		
	0.0872417181500589	0.116302097277878	0.163962240357001	0.219919944022525	0.336359755109887	0.695084249916476	1.12669396498653	1.54298673685015	2.35258694163779	3.02496471868207		
	0.0386925542621738	0.140151052900433	0.245430171891621	0.349978390968069	0.549446141966666	1.06048128057315	1.57557203833085	2.03796691888477	2.84479828043134	3.32162990894361		
	0.0390413266156804	0.147011956743477	0.244667049432172	0.355988959865867	0.546165099597866	1.05457087697282	1.56835333875919	2.02173054939728	2.89740183824763	3.39323405668689		
	0.0384906660960889	0.139937779034439	0.245645224199485	0.353249708872248	0.556407051245299	1.05259354910637	1.55399917698274	2.01165925190254	2.84975170963631	3.28023722378538		
												
												

	Iteration: 24
	0.0451414504772564	0.080560816907466	0.126679548995517	0.181294109446621	0.302062519068052	0.662586976485463	1.08643488575927	1.5081022931765		2.32015581225187	3.0668402215464		
	0.0427455821708079	0.0779599873835653	0.125224335468139	0.178828246475544	0.294827081474413	0.650068319836547	1.06552821091821	1.48138576592979	2.31124513744523	3.02937383758713		
	0.0873703427815495	0.114867698135612	0.162830326458507	0.218556553296778	0.339571351309551	0.691468591475655	1.12047321540515	1.53398527027242	2.35212081034704	3.00314918376909		
	0.0379312112935588	0.138618725479138	0.244963255500292	0.34988382917928	0.549510724564031	1.05978202917931	1.57632084900278	2.03324652454383	2.82664093526044	3.27787478197493		
	0.0385603657520337	0.145101680014095	0.245325235870502	0.355333266344658	0.546676678208702	1.05474937282002	1.56329342161263	2.02382564241832	2.89544408369909	3.44541206835196		
	0.0384562729852167	0.139754892930091	0.245831932204362	0.353153498205274	0.55412822975919	1.05258419928598	1.55385088781481	2.01306549538237	2.84741364486735	3.29062562758007		
												
												

	Iteration: 25
	0.0447698394854968	0.0799713828724531	0.125709787085774	0.180508881320434	0.298996193479589	0.658615352940271	1.08294663877449	1.50198070265055	2.30828700459826	3.06926239448371		
	0.042610326942478	0.0780249177936621	0.124244581295627	0.177274304532882	0.293193682640144	0.644574385706336	1.06114351469448	1.47592428186646	2.30476363811463	2.99447539653417		
	0.0870898483455971	0.114655157466578	0.161251427480743	0.217747543352233	0.338137132646961	0.686890730382351	1.11553836829582	1.52616701455323	2.32371954159686	2.92091927217037		
	0.0377075406598868	0.138871837425497	0.244478659793432	0.349818945745586	0.550130618636702	1.05941620346719	1.57611791859401	2.03647783041851	2.80390631410987	3.27709014855119		
	0.0390023589229655	0.145221441259258	0.245339080143574	0.355814136737432	0.546227739240685	1.05387169229224	1.57042781435525	2.02901945610528	2.94214309522633	3.41207387970243		
	0.0379985609759689	0.139400199183133	0.245508161608162	0.352756737703417	0.549813216345816	1.05144036623942	1.55259247002039	2.01144658137192	2.843352077024		3.23741122220437		
												
												

	Iteration: 26
	0.044293044843963	0.0794832020946307	0.124064326593933	0.177427579222287	0.297401281704997	0.653887522866062	1.07608269635141	1.49419601354283	2.30234741318187	3.06926239448371		
	0.0418858753430832	0.0770519794697197	0.122981068165227	0.175848206066219	0.289816830375171	0.641017043376433	1.0543502072277		1.46816289581556	2.29297733531049	3.0124257292732		
	0.0861408533219537	0.113824872860847	0.160399704747872	0.214361584895329	0.330329389149239	0.682577931449037	1.10793687578778	1.51492096083807	2.31413817564827	2.89220064456182		
	0.0372817553032585	0.138418734576438	0.244327425328771	0.348118751756258	0.548644063669131	1.05880875867463	1.5749645789009		2.03692853041943	2.84104812211444	3.41853992195166		
	0.0386468269723554	0.145142753821606	0.245379158158854	0.35614128253161	0.546248135492774	1.05389513662175	1.57004290386129	2.02725187335636	2.91611280196723	3.33575455163521		
	0.0380451242452405	0.139385355197574	0.245741485490773	0.353403877189813	0.549576784882965	1.05069034152553	1.55256290405388	2.00979131576742	2.83818526084507	3.22680952858881		
												
												

	Iteration: 27
	0.0446743468619388	0.0782619218117985	0.122928845027786	0.176222779687432	0.29386292662619	0.650603399041064	1.07263712547512	1.4897601346631		2.29763710433713	3.07611724112946		
	0.042708108598513	0.0765339688907802	0.121685591574026	0.173222854074558	0.287600172646067	0.636599742279141	1.04958397660616	1.46402003519056	2.29232731538461	2.9985841734619		
	0.0875076181656529	0.112685213197329	0.15862426361454	0.212755171882438	0.327069056532875	0.677685968025131	1.10273745221462	1.51372973999312	2.31065189676886	2.93997342635782		
	0.0378042245359703	0.137897254356448	0.243455220161673	0.348401347662692	0.548588398411249	1.05827320402355	1.57574352677608	2.04269348564251	2.87540350716544	3.3190319282237		
	0.0376497213374077	0.144539764070609	0.244354323762772	0.354980465921682	0.545265833414866	1.05233183019322	1.56199227709491	2.02386939784447	2.90233518719014	3.43288894826071		
	0.0372781449114503	0.138757234688379	0.244873717375403	0.353697415428583	0.548943020236873	1.0500531402051		1.55067485659824	2.00780485513421	2.82859032062595	3.24317309089031		
												
												

	Iteration: 28
	0.0447188768669455	0.0787775298103532	0.122387743332478	0.175072754221454	0.294436104222604	0.647123326575965	1.06677259474582	1.48323423166174	2.29558718793847	3.11534386453117		
	0.0420633386635934	0.0759470113186228	0.120741124613567	0.172515532408582	0.286027287924064	0.634886419712392	1.04355799932861	1.45663259543022	2.28197788536168	3.0124257292732		
	0.0867159687781524	0.113131581965794	0.158506715379588	0.21247134930392	0.325176029819704	0.676608711947386	1.09901747288621	1.50990748243927	2.3278410951249		3.00148362283255		
	0.0373300471792484	0.138549772344083	0.24416970317689	0.348450312700882	0.549494578014304	1.05766735472162	1.57579030810665	2.03432095737363	2.86043162032111	3.48530579323685		
	0.0381581626575382	0.145979537737176	0.244288898041677	0.354716053557472	0.544998450067498	1.0527151150923		1.56320251748212	2.02857688551577	2.86526387581456	3.3881426210949		
	0.0375544265980787	0.138562308463463	0.244829319135751	0.353742305003765	0.548515165519443	1.04927766803681	1.55083678868156	2.01063938180903	2.81377403724777	3.23313943876121		
												
												

	Iteration: 29
	0.0446725106710921	0.0779272780296298	0.12157433891494	0.173584050716477	0.290862653670717	0.644269369624517	1.06391294509871	1.47859656577564	2.3010200555659		3.11050936768556		
	0.0421034946673957	0.0756752753468442	0.120434409612476	0.170646406248893	0.283430338110523	0.629903203933878	1.03887641750444	1.45196411173331	2.28213647381767	3.03248707301127		
	0.0866886613705499	0.11324499295527	0.158328961741738	0.210729233952313	0.321852324661623	0.672201579864095	1.09548902615744	1.50625142397769	2.331291054156		3.04747205967993		
	0.0376772748981788	0.138518433628683	0.244688875907828	0.3482157002179		0.548688014965754	1.0576815446467		1.57543177995205	2.03647783041851	2.88387934612322	3.43513918377112		
	0.0386513542120479	0.144113032064878	0.245148942147233	0.355245977857225	0.544821254000681	1.05177153448444	1.5610868049164		2.02928521510301	2.89544408369909	3.48278081820635		
	0.0375855870319079	0.138522422066871	0.244590665404626	0.356002121444244	0.54833067338332	1.04890203891334	1.54857521557934	2.00970660017524	2.82084473602615	3.23598262064675		
												
												

	Iteration: 30
	0.0446174285553583	0.0785104686903025	0.121488863622184	0.173029721726805	0.289925821087526	0.640386862011447	1.05714265316292	1.47168253718559	2.2751347446089		3.04701028985237		
	0.042430813276763	0.0757832589410828	0.119864746296858	0.170596713733988	0.283127376066667	0.627530365118131	1.03404762031624	1.44692781079904	2.26885903946872	2.98677421932631		
	0.0874914062666864	0.113507402973479	0.157781246300651	0.210152990106653	0.321356389569565	0.668685775556451	1.0898596787643		1.50087689762429	2.30887702145239	2.92612878463798		
	0.0379027377235752	0.139195282846331	0.244844603263322	0.34896801675274	0.548575215579343	1.05719462232573	1.57376772500526	2.03796691888477	2.8547622885895		3.29632404367884		
	0.0383716594247698	0.144216356281713	0.244525931365995	0.354993596971988	0.544870629244867	1.05188353581284	1.5716000415337		2.02738419280549	2.9468815629335		3.79271320866595		
	0.0373973036913851	0.138630123745937	0.244587028405059	0.356660709442136	0.548178453179759	1.04850820924208	1.55021882712322	2.00949488346364	2.83477455366666	3.28420341100298		
												
												

	Iteration: 31
	NaN	NaN	NaN	NaN	NaN	NaN	NaN	NaN	NaN	NaN		
	NaN	NaN	NaN	NaN	NaN	NaN	NaN	NaN	NaN	NaN		
	NaN	NaN	NaN	NaN	NaN	NaN	NaN	NaN	NaN	NaN		
	NaN	NaN	NaN	NaN	NaN	NaN	NaN	NaN	NaN	NaN		
	0.0382875146933363	0.144569229248723	0.244663411792875	0.355298536565362	0.544632518050049	1.05103025434588	1.56578553114627	2.02260227687162	2.86923006303216	3.57035080496026		
	0.0375747483665575	0.139161044418696	0.244736898015847	0.358953786537408	0.548213576183851	1.04783720531124	1.54856056845764	2.00991842014818	2.80285284001683	3.26625157756861		
												
												

	Plate:1 - Wavelength:420

	Iteration: 1
	0.041389454601394	0.0599935885242207	0.0753125681929609	0.0890088251390209	0.107498994624283	0.135769444806976	0.144529365073256	0.146968962869673	0.149076597545363	0.159103138923924		
	0.0388012324860066	0.0571979296647402	0.072321462680432	0.0860711634779538	0.103392262764476	0.130406441665364	0.140132179943265	0.143244119347468	0.14482930279004	0.153009284743333		
	0.0840132918466802	0.0948032503942379	0.110229009731122	0.123129526114528	0.152608877084163	0.169857519160787	0.17367918493079	0.17707064505713	0.177858408711031	0.179791482670416		
	0.0337708738316959	0.0359623526370297	0.0361000536153569	0.0376406877635798	0.0377662712894071	0.0395001395192254	0.0388361058459406	0.0396861602736297	0.0404769566445394	0.0481142736830249		
	0.0357792689647755	0.0416341751811621	0.0379027377235752	0.0426825187486046	0.0383617059719653	0.0408653872360434	0.039604936534792	0.0404442242720447	0.0459160106429224	0.042954030799786		
	0.0341972622473161	0.0346689267699708	0.0369465681517846	0.0382897764352585	0.0430509752073674	0.0394280211990682	0.0383078707946866	0.0391922461358408	0.0441224621029569	0.0427624920365377		
												
												

	Iteration: 2
	0.0410501728717582	0.0666726229827245	0.0868727667559198	0.104095957941209	0.12864174502781	0.166525354414238	0.178445798093106	0.180587340275759	0.188020752735913	0.202879891032667		
	0.0387355694739105	0.0632038394971715	0.0845131352581912	0.101782999357798	0.125618516152142	0.162933379866978	0.176589590882654	0.181577139483904	0.18295088004154	0.196047807542291		
	0.0838283849746966	0.101303681962837	0.122713971675533	0.1390070048888		0.173286427595237	0.201049397568182	0.210345882778002	0.21157177708885	0.217887061874011	0.225059820934196		
	0.0343500935984873	0.0355620977765126	0.036446749361603	0.0373666081521901	0.0390009996479572	0.0399026798619288	0.0389928440872466	0.0398232314168706	0.0404455880716452	0.0481369465316309		
	0.0352596778933278	0.0404564986226294	0.0373503584508967	0.0422997649192218	0.0388809471381063	0.0413133777929645	0.0390458579696669	0.0404992342533438	0.046634771367488	0.0430889357529589		
	0.0338035547666323	0.0339557997496554	0.0366981642820502	0.038672632870783	0.0426354556400028	0.0389144678956783	0.0380722507810539	0.0389955625904666	0.0453303635984861	0.0429087670018544		
												
												

	Iteration: 3
	0.040418767465581	0.0715784813431041	0.0970554129430735	0.11675436863771	0.148470456857438	0.194155145594976	0.208556684834239	0.210871900063717	0.221427599349286	0.241476208984375		
	0.0383350137474319	0.0692400488100804	0.0946528339598725	0.115393022534387	0.143672304304893	0.191101234223514	0.207233122730324	0.210487078055491	0.217877485640944	0.23465040500622		
	0.0817055955890586	0.105333078028824	0.131072996428082	0.152064209035652	0.18500255075062	0.228512336370531	0.241516654358452	0.242946939635187	0.253357939221711	0.263427922809424		
	0.0329886088486331	0.0349229051442728	0.0352695605042609	0.0361320100837799	0.037658755099143	0.0388474289676141	0.0377843438503072	0.0397365356987913	0.0407552814612815	0.0469119962744985		
	0.0342358011531919	0.0413953773072747	0.0359843998579681	0.0420254676530933	0.0384494851930524	0.0403851304027391	0.0387084014760847	0.0404519525264085	0.0456398806468429	0.0426395677471199		
	0.0332541257698192	0.0343196126719828	0.0363192952487827	0.0458985172013614	0.0420391555890433	0.0384997173674496	0.0382033862618205	0.0389529746615934	0.0460942076761038	0.0441027485248065		
												
												

	Iteration: 4
	0.0408130607631088	0.0740990139380959	0.10324514634996	0.123748647735363	0.158623070071567	0.212913382100826	0.226206682827959	0.232131741959301	0.244323790533032	0.267126399260968		
	0.0385712290436285	0.0719845195548762	0.10092625184833	0.123281335600146	0.155797027427303	0.208904956826966	0.228614689415119	0.23042245637064	0.242063759070849	0.261238070742834		
	0.0821232194116809	0.108079215877731	0.138455762981277	0.15949224056439	0.196591296089795	0.2473819324549		0.262213426322224	0.265223639464373	0.275372832890588	0.289999304336951		
	0.0333887342193349	0.0338510136534465	0.0352596778933278	0.0355881705676535	0.0383110373850963	0.0390567334121382	0.0378281729339262	0.0396108349540123	0.0398945073512501	0.0468764683894166		
	0.034260001749055	0.0407752986168541	0.0359691016674276	0.0408708477530189	0.0384187151991041	0.0404769566445394	0.0385191782396823	0.0404646817157495	0.0457940315802865	0.0430619514096726		
	0.0334030472060122	0.0342057763624412	0.036051448284443	0.0478570891393836	0.0421203795505331	0.0382029340024664	0.0381554493910276	0.0388569406179725	0.046395052262276	0.0429832947557559		
												
												

	Iteration: 5
	0.0415097469278602	0.07835765256884	0.11097489445907	0.1340161349735		0.172117669455534	0.231398669496893	0.247066514884372	0.253205065401491	0.270584718750239	0.294108248614228		
	0.0393196394567934	0.0762579161006008	0.107985733545303	0.133211634270404	0.169265110994309	0.228606275926207	0.250458074989007	0.252697850583118	0.266532277548981	0.290012225754054		
	0.0824836489007018	0.112940838812489	0.145589610096858	0.170245960444974	0.209381604258911	0.266881302133549	0.286873949665177	0.289374689468313	0.30041744811894	0.319480268582442		
	0.0337005957684098	0.0344496197539293	0.0360077981329502	0.0364764790219588	0.0388582994421723	0.039042686016912	0.0385101265627265	0.0405724401578085	0.0406902320767449	0.0480550522338867		
	0.0355558045786735	0.0407334456164801	0.037249714124762	0.0423308111297854	0.0395042220464377	0.0414869617324968	0.0393849373513283	0.0409422958427422	0.0473247017677239	0.0440514057309347		
	0.0339320639318662	0.0348488501727336	0.0369253738932873	0.0497098113534726	0.0433968589097751	0.039230324209454	0.0392149112536614	0.0394783666888846	0.0473371721308263	0.0435433477287369		
												
												

	Iteration: 6
	0.0409714245514223	0.0806914676342531	0.114752244359629	0.139549238078096	0.182116035188768	0.246351636312705	0.262913945465803	0.269456354965527	0.286196968599567	0.313335554082824		
	0.0390050774857452	0.0785114611785177	0.112031796617243	0.139131373297984	0.178098636721591	0.244081055041113	0.267051323570584	0.269100637771536	0.285191058992742	0.310736595839225		
	0.082376490002466	0.115488653491308	0.149583628193234	0.176449668708718	0.218218255834057	0.281024404582539	0.300513412002792	0.305586552258171	0.321189757458064	0.338628228147356		
	0.0336303290757657	0.0344751774471153	0.0354713047552798	0.0365472077573898	0.0391301497730438	0.0392897145359378	0.0383110373850963	0.0402287977122008	0.0412660073517659	0.0476051405048249		
	0.0359650522366031	0.0413839875599628	0.0370746575983986	0.0407925869028104	0.0382884193886918	0.0414855946587885	0.0392498178486977	0.0416524094217882	0.0479634599594629	0.0439175762668803		
	0.0341336357243136	0.0349947280872884	0.0371116482007321	0.0412027030018835	0.0423814942716686	0.0390576397113039	0.0393985423151912	0.0395309862308569	0.0470185973714341	0.043935448364063		
												
												

	Iteration: 7
	0.0416998220306452	0.0841992830508565	0.119532469291411	0.146328625768739	0.191873653370403	0.260867118098442	0.279052821548947	0.289136861906109	0.306882621826399	0.339080997181531		
	0.0392679522521805	0.0818030885702217	0.116662251246839	0.146315283361608	0.187468107168948	0.258752479376981	0.282069859612495	0.288114478742466	0.306363226610127	0.336752600804753		
	0.0824736329302514	0.119455029086937	0.155045880229779	0.184767981336645	0.229637440418763	0.296249482536536	0.320038965793282	0.324421822860136	0.343831337183222	0.365697906622777		
	0.0341788902517912	0.0356421192433967	0.0363391089804243	0.0379678229125302	0.0403546774713117	0.0403269535250443	0.0398341263437187	0.0409391100087561	0.0422833295885617	0.0490740460028278		
	0.03595065456612	0.0414646334007788	0.0370065489991994	0.0430514325435916	0.0397760232252536	0.0420240988832256	0.0403165006932669	0.0416601592058877	0.0481189006988538	0.0443049697990849		
	0.0345845993118422	0.0350935040324367	0.0368144591137134	0.0443256099183102	0.0435538785161857	0.0392847272495914	0.0395654645603412	0.0394062519839019	0.0496062620226319	0.04412292056891		
												
												

	Iteration: 8
	0.0416077368920431	0.0858364212954965	0.122920050169858	0.15052331542553	0.196492962142352	0.271596024357999	0.292755406640058	0.304318543152513	0.323506635887034	0.357813758968436		
	0.0393835768783825	0.0840826522254317	0.119720128178298	0.150441904665788	0.193983552574809	0.270111575119696	0.294296613005013	0.301611058247265	0.321984437908336	0.355625294052113		
	0.0834783829567202	0.121246227383991	0.157576998383519	0.18865339270577	0.239544999265517	0.307962836675507	0.332788351318782	0.338723984229494	0.361912307537333	0.384745364935371		
	0.0347528219244814	0.0354951248499042	0.0359785504861888	0.0377283213593103	0.0402001731117891	0.0402837804114993	0.0392974222729443	0.0412796713718624	0.0423582066881989	0.0484850539089279		
	0.0362742674020502	0.0432302879253416	0.0379312112935588	0.0424805946187146	0.0401888146662361	0.0430720131721539	0.0404192220383258	0.0429686625312853	0.0484998731799216	0.0443801962942932		
	0.0344814550053459	0.0354254659853495	0.0376126848787806	0.0446206414869072	0.0436940080786282	0.040168370212818	0.0406606673952717	0.0403046847515885	0.0503399976482492	0.04416739406689		
												
												

	Iteration: 9
	0.0410838614850599	0.0870863053507975	0.126335924739105	0.153859607956974	0.204190895289428	0.283405679755522	0.306457158403124	0.317075540632923	0.34213434474577	0.375948660223808		
	0.0388791352789688	0.0857894880809335	0.12344750680145	0.1546636969434		0.199924339585442	0.280932651447031	0.308692344290182	0.316536092331051	0.339145200258898	0.373708247603248		
	0.0826805096001968	0.122899712743025	0.161338493233635	0.191570315048044	0.241683531352455	0.319156276849785	0.347869555043196	0.352982613363457	0.378916638230791	0.403874502530554		
	0.0339378858048369	0.0352210480264008	0.0360550484927812	0.036716192448854	0.0393341492515954	0.0398727147412704	0.040230615210846	0.0407994114156666	0.0420145176149409	0.0480670809371827		
	0.0346662352151527	0.0412496110951049	0.0369321379059658	0.0421263122328888	0.0383417997506899	0.0420446308842208	0.0386518069386128	0.0414236251696514	0.0480791099736483	0.0443233165232878		
	0.0336236162924332	0.0352740526744826	0.0370160204166279	0.0468326392889974	0.0425125672970843	0.0393033165170752	0.0385612710159548	0.039379041999343	0.0500229312439798	0.0440303202703208		
												
												

	Iteration: 10
	0.0412095339624074	0.0885525346728583	0.129463485035501	0.1578247283741		0.210550294626853	0.291507241904472	0.318829937611975	0.328392132428128	0.357197726949266	0.392435852697065		
	0.0388179894653013	0.0866158500101739	0.126086136512592	0.158527597259729	0.207642461281871	0.290465526167869	0.319537316149248	0.326851865541439	0.353965886773822	0.388828517601496		
	0.0827922539676995	0.123233476882614	0.16482461758734	0.195271831190036	0.247760589628083	0.327716877707497	0.358406086375358	0.364533349765566	0.393176700825906	0.420265322443827		
	0.0340010357490262	0.0351581695453273	0.0365746914563291	0.0369605479096672	0.0398827028851015	0.0403405880315506	0.0391378546786346	0.0405874466187178	0.0414418505721047	0.0482276497645333		
	0.035206674999519	0.0407284417233373	0.0372831092079246	0.0419588591894127	0.0400257401415143	0.0420710957840709	0.0403578590209708	0.0413662201505907	0.0491992692087584	0.0438955808491739		
	0.0339204204200526	0.034604334057845	0.0370462401293098	0.0461384229119767	0.0433401077728741	0.039359542559042	0.0394398133129099	0.0390571865614846	0.0486795970888015	0.0442669028188537		
												
												

	Iteration: 11
	0.0408039611504828	0.0902041579619516	0.131842119803492	0.161263435512428	0.216955736212237	0.301378042504646	0.327382284157444	0.340111199817464	0.373997221850234	0.409995104974827		
	0.0389090319213889	0.088641417819724	0.128402873716261	0.162410531142973	0.211410685254202	0.299903244529828	0.331119679312604	0.340488404883909	0.369488669357444	0.406504562802132		
	0.083670171223548	0.126051255133818	0.165683858199663	0.199208895468207	0.252771967834747	0.338084805945282	0.371385816906872	0.377404928820509	0.408462683155043	0.43869119582879		
	0.0341192986398596	0.0356713442411417	0.0362724663852823	0.0372925866587708	0.0398604568786987	0.0400320984464608	0.0394239393881056	0.0405510682146672	0.0421783407652807	0.048119363403148		
	0.0351581695453273	0.0416929833541512	0.0369289813536059	0.0417043812081342	0.0389407427306415	0.0419415244153152	0.0401320268940395	0.0419355942567003	0.0488394656336681	0.0444701182255866		
	0.0341443888482665	0.0356875312400156	0.037214516681624	0.0482026582076596	0.0433593291016301	0.0395110263437423	0.0398032580941495	0.039652126131788	0.0469747539257017	0.0449438920677401		
												
												

	Iteration: 12
	0.0411639962549344	0.0909776831543003	0.133757946464023	0.164911191757907	0.221144945750308	0.309069371561935	0.338036995678374	0.351822748665436	0.384923189575554	0.424973643036814		
	0.0390476705244997	0.0893266824166539	0.130591586415759	0.165918050521218	0.217919212200894	0.309244923196444	0.34114930311493	0.350162010884743	0.381281795560939	0.421470417214535		
	0.0834768771012782	0.126705054536022	0.168380452470145	0.203025950458947	0.258066138512323	0.345481760962825	0.381438270244151	0.387999904402656	0.42072011479477	0.4526764615667		
	0.0341094421688418	0.0351671516281281	0.0361675700450471	0.0376465595651939	0.0403310438320512	0.0399762393793887	0.0401842713711922	0.0407425437517245	0.0416246025112963	0.0490114479371957		
	0.0349125815725973	0.0418794898400388	0.037214516681624	0.0421769715135174	0.0400502655449784	0.0418475637330476	0.0398858809790398	0.041600899665415	0.0481272294515754	0.0439455303843784		
	0.0342420752522596	0.035415130460577	0.0372637036443505	0.0487050794358247	0.0435992096035296	0.0398740767473573	0.0396430508110619	0.0398318565447528	0.0467030233090577	0.0445926438823213		
												
												

	Iteration: 13
	0.0413871766591007	0.0925334917743726	0.135756989045135	0.166853651971028	0.228238345249662	0.317842055961143	0.347121900586545	0.364280306288387	0.399182654545117	0.439760437059326		
	0.0389996403772031	0.0905397272630899	0.132373789986249	0.169014437726217	0.221957553340708	0.316550686410586	0.351836715737993	0.363212248477193	0.395071397966472	0.437188013122033		
	0.083130167430085	0.127899391557609	0.170480786639519	0.20475330436435	0.26361255648183	0.354486464208682	0.392200764655839	0.401182027071715	0.43580523644667	0.467452656069048		
	0.0338308653793075	0.0351684989565709	0.0358237957278545	0.0365354939225377	0.0409013369013355	0.03984365962892	0.0399485395800849	0.0414495965997561	0.0422098347473883	0.0472443457937438		
	0.035659654006046	0.0414532418370451	0.0375810708884719	0.0420669890559706	0.0396553025388461	0.0419565782585526	0.0486981295565344	0.0426418522678978	0.0493853155183036	0.0446165105792816		
	0.0343554728075973	0.035513552611856	0.0377310319586303	0.0491607708238513	0.0439015378314737	0.0398481993620926	0.0404128580631963	0.0401883603345929	0.0429179108232101	0.0451134192786911		
												
												

	Iteration: 14
	0.041843915184541	0.0936131924266933	0.137782908472642	0.168578855092925	0.229826530461514	0.324050450607839	0.356384921784209	0.372768208479603	0.409242033546738	0.453005452080678		
	0.0394252999874971	0.0913593403875452	0.134550474934698	0.172025338536109	0.225041045127942	0.325022807559941	0.361242858897883	0.372741826755166	0.406128767758638	0.44984804862624		
	0.0842983433046736	0.12862447952605	0.172400940071401	0.207702592421378	0.266572829599667	0.36081107424737	0.400919220902284	0.408974305973348	0.447497290711737	0.480147802032488		
	0.0339459469885638	0.0347573087529146	0.0359587531970352	0.0367270097081668	0.0404364961552023	0.0402619682597886	0.0401056798895824	0.0405810801780341	0.0421682996859321	0.048292449388084		
	0.0352727050185372	0.0408981513677948	0.0374081379291071	0.0432087847898081	0.0392992358780027	0.0418767532246176	0.0404192220383258	0.0423814942716686	0.0494915971799295	0.0446256904273655		
	0.0339535604661429	0.035188709384812	0.0374776640532245	0.0498979349578168	0.0434124210009347	0.0398345803049354	0.040167915902562	0.0402019904906457	0.0420852414781128	0.0449604283950169		
												
												

	Iteration: 15
	0.0415803886313499	0.094754307822937	0.139734323061998	0.171722015785496	0.23686851446619	0.331707785958149	0.363788060875948	0.382780085334656	0.421588486681917	0.466999634004258		
	0.0391659560809646	0.0928729181457645	0.136311616498853	0.175055399945203	0.228815259150524	0.330959908775666	0.369336440634804	0.383659904045028	0.419013561117201	0.464151465837251		
	0.0838620442231832	0.130512708458033	0.174239911588028	0.211583237780469	0.270314508357358	0.366934039758746	0.409710954306873	0.4198872368422		0.460652612428342	0.495451406509262		
	0.0343729556973645	0.0359299587509887	0.0366778834888968	0.037889179536832	0.0410442548717122	0.0405660739371031	0.0399689736873307	0.04144048364039	0.0426016464575837	0.0482086745621396		
	0.0350710529812096	0.04172307433625	0.0375070128359453	0.0431374203109912	0.0400121155157983	0.0417969428601416	0.0411835768839951	0.0421660176548203	0.0489493224823749	0.0447377002007219		
	0.0342653798423884	0.0356421192433967	0.0374659250954471	0.0512310675775535	0.0445761215527239	0.0404092215478486	0.0402574241994008	0.0402074426728465	0.0420916300070963	0.0456279189815549		
												
												

	Iteration: 16
	0.0410679273557683	0.093962205632285	0.141393322878812	0.173425334167696	0.236958561306906	0.336518828286444	0.373202271301963	0.390980353991188	0.43138107703968	0.477214868469781		
	0.0385309457017747	0.0929549945527634	0.13825015282945	0.177111742947319	0.231724797504207	0.337268244149669	0.378439208634486	0.391449336941141	0.428367623055614	0.475282898476871		
	0.0834658343209088	0.13048026636399	0.176251367393172	0.213258399068031	0.273431347331935	0.373038958029496	0.418244702067356	0.427621950079227	0.469947259996029	0.505947251994425		
	0.0343720591217942	0.0353441365469266	0.0368645025193535	0.038124248044463	0.04152387434935	0.0406474776481731	0.0404883226286956	0.0411972383108224	0.0428333378205296	0.0482086745621396		
	0.0356479640856167	0.0413375204862317	0.0378837563806485	0.0424303565936182	0.0395536690343263	0.0424792244136695	0.0402765095725394	0.0438662553583268	0.0498835324929143	0.0450977961171712		
	0.0344052336506727	0.0346711697450617	0.0379244317028072	0.0486656982569645	0.0439304074416732	0.0404564986226294	0.0399294686140587	0.0403492234404067	0.0424513645153256	0.0455083204453275		
												
												

	Iteration: 17
	0.0412159096225021	0.100056067865635	0.143957226383818	0.175810331863283	0.241645960375565	0.343231157927565	0.380720147268107	0.402216022252715	0.442165867100115	0.491259404534501		
	0.0391306029990005	0.0944942319651597	0.140089289908707	0.179318047042868	0.23605750546147	0.343116149783338	0.38700118889481	0.401637099402745	0.439343358980164	0.488410101836361		
	0.0825888305390867	0.13229121771397	0.179254836108065	0.214741028728468	0.27765965138255	0.37840159126746	0.426842139641898	0.438116102231922	0.48126783192427	0.51920375828555		
	0.033711338175512	0.0356753909342992	0.037474955034805	0.0374374820136041	0.0417846305669467	0.0405346989269453	0.0409969137742615	0.0422869818305134	0.0427387270073991	0.0488774720322948		
	0.035235870708596	0.0421167287093649	0.0377283213593103	0.0427332429545794	0.0398350342666267	0.0424883591956281	0.0459422521265315	0.0429544880339337	0.050480473467848	0.0445430787791397		
	0.0341757536473		0.0356632509679444	0.0378254617282459	0.048331333803619	0.0444513064856127	0.0406051821956065	0.0409445714527549	0.0414687344368705	0.0431204958408836	0.0459169313698923		
												
												

	Iteration: 18
	0.0410488071722822	0.0958157949010634	0.144511456272592	0.177226339422864	0.242733218983923	0.348300663328966	0.388923838566161	0.409601387805891	0.450399173457108	0.501343044417871		
	0.0387509654271183	0.0947177332918233	0.141257410783128	0.181131293529067	0.238226915940588	0.349395587670762	0.394142517770698	0.408828824889283	0.448508186276454	0.498369619231286		
	0.0820791874257551	0.131754599794132	0.178443299537967	0.216357544216877	0.280260123552698	0.383634856118154	0.432835085618711	0.444686156135674	0.490611648805781	0.528890922759988		
	0.0337296904023677	0.0357262026240913	0.0365607241132888	0.0375246230576254	0.0423445086929761	0.0408749431858069	0.0405938131527302	0.0422691774410938	0.0428973374958815	0.0480161925461596		
	0.0352367690692312	0.0418799459442855	0.0376592067921624	0.0429860383527285	0.0395972233382242	0.0430367980232851	0.0405888108681492	0.0431131773553741	0.0500512811314346	0.045966653525196		
	0.033889969634159	0.0353805307111467	0.0377400674118842	0.0437512635568635	0.0447018906562856	0.0409395651264661	0.0404324048549001	0.0411667283827367	0.0428676221879958	0.0468418661004577		
												
												

	Iteration: 19
	0.0408298955491131	0.0964954142128218	0.146154626558932	0.180366436090047	0.245758989836295	0.353272129953839	0.394075805316786	0.418798404074454	0.460421789523131	0.513337893289343		
	0.0389982811107033	0.0955354711776202	0.142879083727564	0.183939128298942	0.241966140349382	0.354115629293481	0.401454386933582	0.418302210790314	0.459610697084953	0.510003970287184		
	0.0830835257492316	0.133263419958616	0.1817558578699		0.220287081868088	0.290146308146737	0.388553826333802	0.439449299884275	0.454532642523744	0.502459890785822	0.541576278460175		
	0.033570812681851	0.0349983195462547	0.0370263941108221	0.0381274132962941	0.043249504394116	0.0405524323498278	0.0403328617586421	0.042952201868009	0.0431511433385199	0.04838966695552		
	0.0350503990390878	0.0413029011927041	0.0375300417310368	0.0429576886864466	0.0401860886835063	0.0414787593547963	0.0417750545802223	0.042325332225472	0.0501047326742355	0.0451690239130943		
	0.0342111537843114	0.0357293504464411	0.0382671595460655	0.0437911178252572	0.0455051009399952	0.0408690275730652	0.0414928857682926	0.0409418407221705	0.0430057013049253	0.0464853923880618		
												
												

	Iteration: 20
	0.0411289354737		0.0968281175263411	0.147263032993548	0.182290564133917	0.247940879045907	0.358833592808981	0.400731599529203	0.424745601289168	0.468156810063492	0.522935076800575		
	0.0391967790647774	0.0958519455675193	0.1435374064297		0.185658749722647	0.243439259374059	0.360496541267054	0.408021600630222	0.424509973801015	0.468151941523239	0.519906598972204		
	0.0838138168551442	0.133838543427484	0.181566443884926	0.221636605527857	0.287666034106		0.395292608017651	0.447208398002673	0.46118049766442	0.511322101837213	0.552065019976938		
	0.0339145987812054	0.0352574318767511	0.0364809836934954	0.0383513003333913	0.0425194188915542	0.0416068252556067	0.0404687733201307	0.0417440480719458	0.0432865671281024	0.0489618395829901		
	0.0351595168459048	0.0414591654128962	0.0376284927369665	0.042775289129356	0.0398223235186371	0.0427748320838335	0.041641924639884	0.0432023798062977	0.0499615902809966	0.0446380835300796		
	0.0345505141353651	0.0356816858652704	0.0379533586942504	0.044392123642712	0.0452030335618281	0.0411762909654		0.0412783049505068	0.041880858154216	0.043573109308705	0.0463872175247017		
												
												

	Iteration: 21
	0.041491062979441	0.0975953927159077	0.147727208681272	0.184875740740301	0.250653502660343	0.363811989869464	0.407852072717615	0.433069661335642	0.480866594370441	0.533373838977337		
	0.0388270475611564	0.0964700709095542	0.144498747249156	0.187141700327811	0.246360400702057	0.362933225493169	0.414322834364137	0.431274849783079	0.477295657615731	0.529343303403255		
	0.0829050296742652	0.134269398995721	0.182029741734683	0.222522721658982	0.290646655382476	0.396435433299878	0.453568839346818	0.468993792547126	0.520823507121954	0.560226846876363		
	0.0338013162679768	0.0358170489551472	0.0366859956925092	0.0384318374299088	0.0425436287244257	0.0410688378616933	0.0412386806012211	0.0423586632954806	0.0435378535062169	0.048736123587893		
	0.0357140612373187	0.0420587757162691	0.0380116705177388	0.043821354537696	0.0407611955248568	0.043409674709033	0.0420222738634459	0.0436179844697761	0.0501730672704112	0.0460366425002383		
	0.0342371455953617	0.0356560570739384	0.0381373613808083	0.0432284578298033	0.0452701414915271	0.0413921881479177	0.0419009272574605	0.041700733862314	0.0433465147879364	0.0468732387257959		
												
												

	Iteration: 22
	0.0413056341944938	0.0982617051658993	0.149688262324576	0.186262515650581	0.252565953163121	0.367276427315858	0.412998005415599	0.440402790962352	0.486067425659777	0.542586376824368		
	0.0390816573283633	0.0970383228193911	0.146122734264283	0.188717986598962	0.247904228794664	0.369022455673919	0.420457215089696	0.438347866534481	0.485091864105908	0.538849231306111		
	0.0833564255799276	0.134479342143375	0.184893491912855	0.223979100559207	0.292574208362335	0.40121123757647	0.458611756753404	0.475714923316812	0.529379738444609	0.571104543769116		
	0.0343231985523018	0.0358449362944074	0.0368415088871774	0.0381635892414135	0.0418430030522037	0.0412345817369386	0.0407389044747548	0.0431191236154565	0.0442861652111046	0.0495477652432011		
	0.035393112119278	0.0414992655895214	0.037905901361387	0.0433991474176201	0.0403846758656764	0.0434334764824841	0.0421162723563767	0.0420136051242237	0.0510330492524856	0.0458851674173812		
	0.0340283587835093	0.0352381166136684	0.037966466871602	0.0417618309456677	0.0453285246319202	0.0411066255410866	0.0411175527118203	0.0410579119165772	0.0437279024101418	0.0481642480629478		
												
												

	Iteration: 23
	0.041652865287613	0.0975487268888686	0.14976309995849	0.187814545184531	0.254665499722864	0.372191107907101	0.418376006721796	0.446399593140352	0.49417792100868	0.552419537663403		
	0.0392298708794172	0.0973584859129365	0.146992202272922	0.190108763313755	0.250581958554144	0.37208377953907	0.426554495154429	0.445401673129732	0.493613554099014	0.548907838192758		
	0.0840323899762527	0.133601867608525	0.184218823899968	0.226051919994775	0.295182449548281	0.403376188254621	0.464428927141327	0.482256205339125	0.536263053686041	0.580500380063645		
	0.0342707580023224	0.0351923024482987	0.0370254920406207	0.0383626108218848	0.0412619082295671	0.0411002514851232	0.0411676390958235	0.0425879407820447	0.0433657364002672	0.0496420139336746		
	0.0351379605382122	0.0416779386449088	0.0384598931844168	0.0436981302208967	0.0400484488009283	0.043110432955103	0.0415443827144465	0.043122325481531	0.0507610959665467	0.0448727011826606		
	0.0340655387880993	0.0354726530276403	0.0385599131207808	0.041242779504189	0.0448299922524572	0.0411876752669205	0.0415097469278602	0.0418046952238257	0.0446142156475787	0.0468404820662417		
												
												

	Iteration: 24
	0.0412605418640986	0.0989742952985724	0.150918872585292	0.189452217851718	0.255714240755013	0.375814814333165	0.424211769054522	0.451553896833724	0.500466315227287	0.559880934490145		
	0.0391926994266054	0.0985687396054023	0.148496691822252	0.191976746465788	0.253114553844127	0.377719105196295	0.431725655772481	0.451741375568301	0.50087033574829	0.556768117861605		
	0.0834818966397235	0.135825500156489	0.186566622957368	0.227818234377134	0.297370067400035	0.409203776644271	0.46897915891545	0.487407639868968	0.542777116075053	0.587564922305809		
	0.0338886262663081	0.0357774699995895	0.0375160436296571	0.0388252359268714	0.0406774962748934	0.0419264710938673	0.0411544339429772	0.0424892726843916	0.043137877738256	0.050015030785402		
	0.0349260471495793	0.0415949741560719	0.0377088958925836	0.0425550489253672	0.0406220089252765	0.0428763079907761	0.0416086485303931	0.043151600780239	0.0505851621500148	0.0454324384536811		
	0.0343137856796116	0.0355728863278319	0.0379601387365878	0.0410711141348574	0.0406065465007521	0.0413744204030553	0.0412359480207345	0.0417358408373484	0.0441297976162853	0.0471312260879045		
												
												

	Iteration: 25
	0.0416328076439772	0.100334629303943	0.153137728913385	0.192790752152031	0.258609715249863	0.380782848553635	0.430510779589052	0.459767063893332	0.509882023942761	0.569716766852197		
	0.0396766304450636	0.099403660958298	0.150369292117036	0.194476498245642	0.255940420834527	0.380804746373368	0.438360367144307	0.458617710209234	0.509434733905949	0.566081277585145		
	0.0844613138933445	0.138837624486797	0.189335630963966	0.232115485129927	0.306550271568553	0.413458123957206	0.477865336788457	0.496096042384727	0.553104280114256	0.598875914005482		
	0.0348600698113013	0.037033159697057	0.0385187256513539	0.0401420210035238	0.0411667283827367	0.0420076739812938	0.0421468490668747	0.0433776359199619	0.0442962553765927	0.0506270446898963		
	0.0363872961456331	0.0424134596548531	0.0381256045781373	0.0444581887349823	0.0405701664968437	0.044556387371686	0.0425993621482902	0.0447110723092773	0.0509352382217421	0.0457977134656078		
	0.0350319909185405	0.0360253476665042	0.0383933768409242	0.0422842426461702	0.0392398442495379	0.0424792244136695	0.0424755705546839	0.0429988420344436	0.0450059065418884	0.0479241459691287		
												
												

	Iteration: 26
	0.0416733797450012	0.100595616690679	0.153756914705048	0.193204790133121	0.259924165270293	0.384702175589774	0.435056844831117	0.465147530997316	0.516350672269516	0.577867793676059		
	0.0397161125248651	0.100193761301701	0.151029106755122	0.195434190581565	0.258304808046688	0.385941305096952	0.442672888185175	0.464194882863383	0.516141284604891	0.573944713675252		
	0.0844039654163658	0.139343109707746	0.189969549193822	0.2326430823305		0.309423079359833	0.417446876516801	0.482325362613898	0.502229445881155	0.559726115173835	0.607456120781112		
	0.0345280911359837	0.0370106081528043	0.0383522051616309	0.0396471346819202	0.0408981513677948	0.0427483242664693	0.0418890681298133	0.0443994637122503	0.0447560652150717	0.0512399222702574		
	0.0362008820171153	0.0427405550403947	0.0394411739620338	0.0441339238969821	0.0409304628628823	0.0441187943927552	0.0432179349301153	0.0447344864030535	0.0513466588223797	0.0465259593744085		
	0.0350409703920657	0.0366467881120469	0.0391913395557309	0.0425500239999553	0.0392276042363311	0.0423184836922787	0.0426989691933097	0.0427451251565475	0.045404388467837	0.0484044829719615		
												
												

	Iteration: 27
	0.0417052930493754	0.10104070084453	0.154176693779912	0.194390305753037	0.261852993321004	0.388218553341252	0.439068944145738	0.471264310072737	0.522813586557656	0.585936815878409		
	0.0395255425343033	0.0999794165745354	0.151078369365608	0.19618377859985	0.260007816699832	0.388367419066252	0.447491487762231	0.469743205533027	0.52299997756061	0.581649566850978		
	0.0850044875702195	0.138758944954696	0.189039180055125	0.233291078639738	0.307565745100892	0.419968927753919	0.484728805599256	0.50694557401892	0.565569184535647	0.613749876366768		
	0.0341676881969134	0.0363341554627672	0.0368613464585431	0.03847663699827	0.0403646767058679	0.0421295067877259	0.040687048091268	0.043069726387484	0.0434220331593533	0.0504511651585099		
	0.035799507836609	0.0421304195219953	0.0383671350997611	0.0437869948002989	0.0411175527118203	0.0437182834796668	0.042788543658741	0.0439244500633742	0.0514967869231273	0.0470873712710351		
	0.0345065661457046	0.0361648691863217	0.0382721351606314	0.043543805583751	0.0392847272495914	0.0421938592536495	0.0424650658813344	0.0426336280493374	0.0449466480785615	0.0485573026317327		
												
												

	Iteration: 28
	0.041522051430431	0.100989482496702	0.15411644737449	0.19563884987386	0.26361103654272	0.391003791114582	0.443707117414558	0.474778382205947	0.529515696156759	0.592610988907079		
	0.039042686016912	0.100427522835863	0.15186909472227	0.198800224739906	0.262370262621317	0.392113916487472	0.451924245289847	0.474757373408343	0.529814391902393	0.589014233092486		
	0.0841761554837954	0.139570370337166	0.190124163008166	0.234352621989012	0.30854145642043	0.424747804018304	0.489742225981552	0.510402209409364	0.572631438548106	0.620853527088133		
	0.0338814617079477	0.0362089853156066	0.0372325662961256	0.0389126558966884	0.0401147648829808	0.0423865172475049	0.0411521572330671	0.0423349203533809	0.0441215451725026	0.050608429729074		
	0.0353872707058894	0.0419447176111863	0.0378941508228248	0.0444581887349823	0.0409887206466293	0.0440266533381908	0.0435108412564354	0.0445334417770529	0.0517836665667043	0.0458584690804353		
	0.0339325117654777	0.035460968139572	0.0383779935589661	0.0441297976162853	0.0394348243025935	0.042270546983597	0.0428145968437728	0.042568753562912	0.0449957998754592	0.0483642031081487		
												
												

	Iteration: 29
	0.041801959079665	0.10152182090355	0.156130365100204	0.196793895127724	0.265193891464537	0.394045018409451	0.448695518342545	0.481582812253114	0.536347065714088	0.601285346077911		
	0.0395015003573654	0.100839520645071	0.153499108218593	0.198975696466603	0.264261295941896	0.394459798741752	0.457569968963816	0.480479500842021	0.536132084299674	0.597298322115601		
	0.0850231255968804	0.139658337274526	0.193137587092156	0.236844933854753	0.308920039738584	0.426445019046626	0.49496564380428	0.518541690522518	0.581030396132449	0.629546538824574		
	0.0347649364676371	0.0364890922200081	0.0387228908634268	0.0397179278792123	0.0408157906840758	0.0430134752757727	0.0425984484279369	0.0440646992648653	0.0450334713730868	0.0518690673499911		
	0.0351837689710552	0.0445908080368805	0.0387849290186026	0.0436761459142365	0.041296068763473	0.0442655269663843	0.0429142532715657	0.0447546878120568	0.0511700217145158	0.0472166402842315		
	0.0343249915035643	0.0369186099859547	0.0387201740664776	0.0466112546020704	0.0392575248776552	0.0423002214650632	0.0428292238783045	0.0434321032677878	0.0454347377131857	0.0487592923115861		
												
												

	Iteration: 30
	0.0413019901959294	0.101386844318907	0.156726502694464	0.19825527415835	0.266812393481463	0.396811192031135	0.452478012831158	0.485299462459645	0.541620961705863	0.607600402433977		
	0.0388107431246408	0.101142110085574	0.153879677290834	0.200408966344379	0.266484844106126	0.398579759516754	0.461639477006532	0.485277938507398	0.54161952023908	0.60368161289448		
	0.0842390050075137	0.140262019598421	0.193195096745036	0.238725393180253	0.311563278608018	0.431511940007886	0.50037192304806	0.52319750124195	0.585756468646589	0.636432947025327		
	0.0340901778940917	0.0368108526045427	0.0379022857771977	0.0405274238859979	0.040909983467302	0.0435392270553306	0.0431438243365422	0.043917118017649	0.0444627769618199	0.0523949087191193		
	0.0347734617191029	0.0435694462349531	0.0389307762268041	0.0441165020896084	0.0415184056155476	0.0439620287406742	0.0433080741152975	0.0439656951271896	0.0512860628009106	0.0463609491418729		
	0.0338510136534465	0.0364530554831331	0.0386681054092699	0.0474549654463198	0.0392180844645502	0.04251622146735	0.0429101385627848	0.0428461370011188	0.0458501837233694	0.0488580049248063		
												
												

	Iteration: 31
	0.0417321932273115	0.102311069895682	0.157226487567434	0.198637911052444	0.269516439873147	0.400702421265856	0.457381145014889	0.492094574133272	0.549082310470495	0.615858536798642		
	0.0393581821656456	0.1014893808406		0.15428303135797	0.200873086153175	0.268489976789277	0.400798300064818	0.466098639233269	0.490536033406419	0.548987001800327	0.611292489327646		
	0.0846283719103366	0.14018308161375	0.193586235117148	0.238723957892202	0.313574223796904	0.433715679713893	0.50469826501863	0.529191990557804	0.593739079856419	0.644165311356481		
	0.0344325821273442	0.0370512017756391	0.0380311095322332	0.0398486533380199	0.0411312120618771	0.0430450298802777	0.0432275427849262	0.0441183359311578	0.0455740955644175	0.052640768774506		
	0.0355126536784978	0.0428255670734864	0.038462608353621	0.0444714947263584	0.0415270644758699	0.0441485954347516	0.0439904440457961	0.0449434327343036	0.0516744900252047	0.0471150685348863		
	0.0344473779227698	0.0364679202747623	0.0385264197170828	0.0461112484317945	0.0392149112536614	0.042556419369661	0.0433048708794905	0.0438836671296948	0.0460762465222871	0.0491227396259047		
												
												

